-1,8298,45314,58725,9565,8163,63879,59133,3,78,65463,34
-1,8299,45293,58755,9513,8421,63699,59314,3,78,65463,34
-1,8300,45247,58759,9568,8183,63794,58767,3,78,65463,34
-1,8301,45287,58725,9548,8484,63717,58577,3,78,65463,34
-1,8302,45313,58742,9480,8510,63728,58765,3,78,65463,34
-1,8303,45253,58750,9499,8429,63755,58705,3,78,65463,34
-1,8304,45279,58767,9580,8423,63781,59170,3,78,65463,34
-1,8305,45315,58719,9505,8622,63705,59111,3,78,65463,32
-1,8306,45268,58745,9500,8634,63696,59149,3,78,65463,32
-1,8307,45291,58747,9548,8705,63521,60239,3,78,65463,32
-1,8308,45315,58740,9552,8213,63909,58456,3,78,65463,34
-1,8309,45304,58711,9456,8121,63964,58385,3,78,65463,34
-1,8310,45239,58764,9558,8616,63712,59408,3,78,65463,34
-1,8311,45332,58742,9608,8382,63881,58620,3,78,65463,34
-1,8312,45282,58720,9524,8504,63665,59062,3,78,65463,34
-1,8313,45292,58752,9512,8382,63809,58536,3,78,65463,34
-1,8314,45236,58746,9516,8604,63617,58999,3,78,65463,34
-1,8315,45294,58753,9586,8468,63809,59136,3,78,65463,34
-1,8316,45298,58726,9475,8095,63956,58792,3,78,65463,34
-1,8317,45277,58761,9541,8443,63707,58871,3,78,65463,34
-1,8318,45313,58725,9565,8390,63779,59151,3,78,65463,34
-1,8319,45276,58737,9507,8354,63701,59288,3,78,65463,34
-1,8320,45234,58755,9557,8292,63925,58243,3,78,65463,34
-1,8321,45320,58774,9591,8477,63818,58691,3,78,65463,34
-1,8322,45281,58751,9459,8580,63808,59063,3,78,65463,34
-1,8323,45266,58754,9594,8582,63652,59248,3,78,65463,34
-1,8324,45278,58739,9481,8479,63801,58669,3,78,65463,34
-1,8325,45262,58722,9548,8424,63828,58454,3,78,65463,34
-1,8326,45280,58762,9569,8462,63597,59798,3,78,65463,34
-1,8327,45305,58750,9484,8255,63977,57965,3,78,65463,34
-1,8328,45228,58751,9534,8369,63858,58740,3,78,65463,34
-1,8329,45308,58750,9572,8267,63778,58483,3,78,65463,34
-1,8330,45294,58723,9518,8615,63710,59103,3,78,65463,34
-1,8331,45250,58736,9509,8399,63725,59276,3,78,65463,34
-1,8332,45296,58752,9600,8334,63901,58934,3,78,65463,34
-1,8333,45246,58737,9464,8344,63995,57919,3,78,65463,34
-1,8334,45272,58739,9600,8143,63859,58614,3,78,65463,34
-1,8335,45271,58727,9529,8126,63994,58011,3,78,65463,34
-1,8336,45283,58756,9553,8345,63868,58308,3,78,65463,34
-1,8337,45324,58728,9617,8659,63663,58757,3,78,65463,34
-1,8338,45268,58723,9475,8287,63975,58870,3,78,65463,34
-1,8339,45270,58767,9505,8190,63866,59257,3,78,65463,34
-1,8340,45311,58746,9616,8667,63334,61493,3,78,65463,34
-1,8341,45285,58736,9530,7784,64210,57348,3,78,65463,34
-1,8342,45271,58761,9475,8164,63935,58491,3,78,65463,34
-1,8343,45294,58746,9576,8338,63877,58705,3,78,65463,33
-1,8344,45284,58746,9488,8557,63704,59020,3,78,65463,33
-1,8345,45289,58774,9532,8543,63804,58640,3,78,65463,33
-1,8346,45345,58739,9516,8505,63802,58829,3,78,65463,34
-1,8347,45264,58733,9544,8476,63741,59017,3,78,65463,34
-1,8348,45300,58757,9585,8339,63861,58991,3,78,65463,34
-1,8349,45281,58750,9487,8605,63582,60222,3,78,65463,34
-1,8350,45275,58738,9584,8288,63771,58960,3,78,65463,34
-1,8351,45263,58745,9458,8411,63832,58891,3,78,65463,34
-1,8352,45270,58745,9556,8339,63635,59825,3,78,65463,34
-1,8353,45317,58741,9572,8099,63839,58729,3,78,65463,34
-1,8354,45251,58739,9492,8338,63865,58351,3,78,65463,34
-1,8355,45297,58752,9561,8589,63728,58743,3,78,65463,34
-1,8356,45278,58736,9588,8446,63702,59493,3,78,65463,34
-1,8357,45286,58727,9491,8224,63799,58666,3,78,65463,34
-1,8358,45279,58762,9604,8295,63855,58567,3,78,65463,34
-1,8359,45282,58714,9472,8777,63572,59843,3,78,65463,34
-1,8360,45280,58765,9531,8549,63645,59268,3,78,65463,34
-1,8361,45298,58732,9497,8149,63939,58643,3,78,65463,34
-1,8362,45267,58744,9513,8538,63777,58932,3,78,65463,34
-1,8363,45312,58731,9538,8616,63645,58834,3,78,65463,34
-1,8364,45231,58706,9503,8468,63707,58816,3,78,65463,34
-1,8365,45322,58743,9573,8503,63836,58597,3,78,65463,34
-1,8366,45283,58732,9486,8398,63904,59398,3,78,65463,34
-1,8367,45274,58756,9578,8508,63706,59115,3,78,65463,34
-1,8368,45306,58724,9505,8383,63796,59180,3,78,65463,34
-1,8369,45287,58717,9488,8482,63830,58627,3,78,65463,34
-1,8370,45245,58773,9508,8652,63669,58988,3,78,65463,34
-1,8371,45322,58725,9624,8573,63569,59201,3,78,65463,34
-1,8372,45309,58745,9503,8525,63707,59651,3,78,65463,34
-1,8373,45262,58763,9533,8689,63350,61134,3,78,65463,34
-1,8374,45305,58750,9541,8257,63878,58792,3,78,65463,34
-1,8375,45272,58751,9561,8064,64027,58635,3,78,65463,34
-1,8376,45335,58744,9572,8526,63802,58843,3,78,65463,34
-1,8377,45255,58755,9490,8653,63693,58963,3,78,65463,34
-1,8378,45304,58737,9545,8679,63541,59486,3,78,65463,34
-1,8379,45306,58726,9491,8347,63879,58743,3,78,65463,34
-1,8380,45285,58730,9523,8713,63588,59884,3,78,65463,34
-1,8381,45306,58735,9570,8353,63833,58894,3,78,65463,34
-1,8382,45279,58732,9522,8269,63848,59389,3,78,65463,34
-1,8383,45263,58754,9470,8490,63803,59226,3,78,65463,34
-1,8384,45293,58753,9594,8607,63682,59677,3,78,65463,34
-1,8385,45309,58733,9532,8429,63781,59167,3,78,65463,34
-1,8386,45271,58754,9516,8138,63882,58765,3,78,65463,34
-1,8387,45272,58778,9590,8176,63816,59148,3,78,65463,34
-1,8388,45308,58767,9586,8350,63731,59153,3,78,65463,34
-1,8389,45274,58714,9504,8406,63710,59350,3,78,65463,34
-1,8390,45226,58777,9498,8416,63713,58990,3,78,65463,34
-1,8391,45309,58745,9619,8388,63792,58653,3,78,65463,34
-1,8392,45314,58748,9524,8427,63788,58503,3,78,65463,34
-1,8393,45260,58755,9505,8315,63676,59556,3,78,65463,34
-1,8394,45293,58736,9583,8295,63855,59506,3,78,65463,34
-1,8395,45297,58744,9507,8285,63822,58833,3,78,65463,34
-1,8396,45266,58743,9527,8558,63739,58649,3,78,65463,34
-1,8397,45253,58759,9550,8282,63721,58542,3,78,65463,34
-1,8398,45306,58747,9568,8461,63694,59469,3,78,65463,34
-1,8399,45306,58753,9492,8386,63708,59057,3,78,65463,34
-1,8400,45222,58726,9509,8388,63785,59076,3,78,65463,34
-1,8401,45308,58773,9472,8493,63839,58681,3,78,65463,34
-1,8402,45257,58716,9548,8495,63695,59312,3,78,65463,34
-1,8403,45318,58730,9510,8258,63910,58561,3,78,65463,33
-1,8404,45248,58739,9491,8482,63870,58348,3,78,65463,33
-1,8405,45308,58728,9582,8707,63549,59857,3,78,65463,33
-1,8406,45284,58709,9491,8102,63877,58976,3,78,65463,33
-1,8407,45250,58766,9548,8228,63940,59018,3,78,65463,33
-1,8408,45290,58744,9598,8596,63662,59037,3,78,65463,33
-1,8409,45292,58739,9497,8506,63661,59505,3,78,65463,34
-1,8410,45265,58741,9499,8487,63656,59458,3,78,65463,34
-1,8411,45285,58762,9601,8548,63728,59108,3,78,65463,34
-1,8412,45305,58729,9544,8431,63855,58165,3,78,65463,34
-1,8413,45254,58727,9485,8424,63771,59280,3,78,65463,35
-1,8414,45278,58750,9590,8531,63760,58883,3,78,65463,35
-1,8415,45264,58740,9526,8618,63614,60070,3,78,65463,35
-1,8416,45265,58758,9502,8464,63678,59039,3,78,65463,33
-1,8417,45298,58737,9597,8542,63657,59043,3,78,65463,33
-1,8418,45280,58738,9477,8672,63659,59537,3,78,65463,33
-1,8419,45249,58770,9530,8557,63711,59005,3,78,65463,33
-1,8420,45327,58731,9588,8466,63732,58867,3,78,65463,33
-1,8421,45285,58770,9452,8589,63650,59342,3,78,65463,33
-1,8422,45285,58751,9555,8328,63837,58424,3,78,65463,33
-1,8423,45311,58740,9568,8452,63848,59067,3,78,65463,33
-1,8424,45283,58739,9512,8705,63723,59029,3,78,65463,33
-1,8425,45325,58751,9582,8471,63784,59024,3,78,65463,33
-1,8426,45320,58710,9537,8199,63799,59008,3,78,65463,33
-1,8427,45319,58747,9511,8380,63668,59791,3,78,65463,33
-1,8428,45264,58763,9550,8590,63627,59949,3,78,65463,33
-1,8429,45318,58734,9593,8262,63854,58687,3,78,65463,33
-1,8430,45309,58728,9514,8170,63878,58130,3,78,65463,33
-1,8431,45254,58727,9471,8513,63731,59656,3,78,65463,33
-1,8432,45241,58761,9470,8463,63755,58781,3,78,65463,33
-1,8433,45293,58730,9595,8480,63684,59150,3,78,65463,33
-1,8434,45290,58744,9492,8559,63593,59067,3,78,65463,33
-1,8435,45257,58787,9604,8695,63681,59636,3,78,65463,35
-1,8436,45277,58709,9468,8586,63702,59117,3,78,65463,35
-1,8437,45273,58760,9532,8517,63673,59211,3,78,65463,35
-1,8438,45313,58752,9559,8444,63638,59084,3,78,65463,36
-1,8439,45268,58763,9502,8272,63702,58735,3,78,65463,36
-1,8440,45268,58747,9524,8437,63662,58661,3,78,65463,36
-1,8441,45281,58739,9601,8263,63846,58708,3,78,65463,36
-1,8442,45316,58754,9533,8508,63743,58713,3,78,65463,36
-1,8443,45279,58753,9501,8681,63634,58945,3,78,65463,36
-1,8444,45288,58739,9566,8390,63760,58963,3,78,65463,34
-1,8445,45301,58730,9522,8545,63589,59159,3,78,65463,34
-1,8446,45274,58758,9502,8430,63726,59044,3,78,65463,34
-1,8447,45274,58766,9579,8496,63678,59402,3,78,65463,34
-1,8448,45285,58722,9524,8506,63659,59730,3,78,65463,34
-1,8449,45247,58754,9505,8339,63659,59637,3,78,65463,34
-1,8450,45307,58755,9577,8276,63699,59319,3,78,65463,34
-1,8451,45270,58730,9498,8226,63796,59193,3,78,65463,34
-1,8452,45258,58749,9545,8317,63819,59031,3,78,65463,34
-1,8453,45309,58722,9459,8476,63701,59152,3,78,65463,34
-1,8454,45290,58749,9587,8464,63692,59629,3,78,65463,35
-1,8455,45288,58714,9545,8272,63809,58777,3,78,65463,35
-1,8456,45259,58755,9522,8484,63646,59039,3,78,65463,35
-1,8457,45307,58751,9617,8398,63771,58628,3,78,65463,34
-1,8458,45275,58722,9485,8572,63705,58994,3,78,65463,34
-1,8459,45314,58756,9596,8497,63735,58939,3,78,65463,34
-1,8460,45300,58706,9488,8472,63812,58966,3,78,65463,35
-1,8461,45245,58764,9505,8501,63675,59420,3,78,65463,35
-1,8462,45302,58748,9600,8352,63621,58891,3,78,65463,35
-1,8463,45290,58744,9550,8278,63858,59095,3,78,65463,33
-1,8464,45292,58749,9502,8391,63690,58688,3,78,65463,33
-1,8465,45274,58770,9536,8471,63630,59420,3,78,65463,33
-1,8466,45320,58730,9513,8194,63793,59134,3,78,65463,33
-1,8467,45297,58746,9482,8303,63856,58347,3,78,65463,33
-1,8468,45244,58743,9540,8615,63635,58366,3,78,65463,33
-1,8469,45300,58726,9614,8551,63632,58604,3,78,65463,33
-1,8470,45280,58760,9533,8687,63674,59374,3,78,65463,34
-1,8471,45289,58764,9480,8291,63790,58891,3,78,65463,34
-1,8472,45254,58759,9570,8357,63743,58880,3,78,65463,34
-1,8473,45307,58746,9588,8295,63851,58644,3,78,65463,33
-1,8474,45277,58769,9478,8507,63683,59565,3,78,65463,33
-1,8475,45298,58762,9565,8421,63661,59214,3,78,65463,33
-1,8476,45313,58737,9532,8408,63787,58157,3,78,65463,33
-1,8477,45244,58743,9488,8654,63618,59065,3,78,65463,33
-1,8478,45265,58772,9593,8548,63722,58526,3,78,65463,33
-1,8479,45284,58738,9477,8285,63889,58722,3,78,65463,34
-1,8480,45269,58744,9509,8719,63361,61669,3,78,65463,34
-1,8481,45272,58756,9508,8279,63730,59904,3,78,65463,34
-1,8482,45288,58745,9573,8198,63954,58387,3,78,65463,34
-1,8483,45301,58731,9553,8314,63963,58287,3,78,65463,34
-1,8484,45245,58740,9494,8516,63703,59614,3,78,65463,34
-1,8485,45302,58770,9577,8647,63610,59798,3,78,65463,34
-1,8486,45329,58742,9562,8137,63760,58775,3,78,65463,34
-1,8487,45289,58724,9488,8331,63838,58866,3,78,65463,34
-1,8488,45257,58770,9529,8331,63762,58166,3,78,65463,34
-1,8489,45290,58766,9597,8521,63745,58725,3,78,65463,32
-1,8490,45299,58758,9540,8603,63636,59351,3,78,65463,32
-1,8491,45263,58722,9494,8089,63827,58826,3,78,65463,32
-1,8492,45284,58753,9513,8354,63857,58018,3,78,65463,34
-1,8493,45330,58783,9574,8574,63676,58891,3,78,65463,34
-1,8494,45271,58754,9563,8592,63723,59179,3,78,65463,34
-1,8495,45302,58737,9605,8484,63685,58824,3,78,65463,34
-1,8496,45261,58739,9488,8459,63834,58555,3,78,65463,34
-1,8497,45260,58749,9489,8701,63626,58959,3,78,65463,34
-1,8498,45308,58737,9596,8453,63804,58132,3,78,65463,34
-1,8499,45296,58720,9530,8576,63757,58974,3,78,65463,34
-1,8500,45258,58747,9479,8353,63607,59907,3,78,65463,34
-1,8501,45245,58760,9519,8204,63860,58072,3,78,65463,34
-1,8502,45328,58748,9563,8498,63722,59679,3,78,65463,34
-1,8503,45276,58720,9475,8275,63817,59130,3,78,65463,34
-1,8504,45298,58742,9625,8452,63701,59427,3,78,65463,34
-1,8505,45288,58756,9514,8310,63912,58699,3,78,65463,34
-1,8506,45304,58736,9576,8500,63765,59157,3,78,65463,34
-1,8507,45304,58730,9484,8286,63835,58507,3,78,65463,34
-1,8508,45261,58754,9520,8402,63781,58740,3,78,65463,34
-1,8509,45303,58758,9616,8561,63781,58838,3,78,65463,34
-1,8510,45284,58743,9531,8551,63768,58717,3,78,65463,34
-1,8511,45276,58767,9502,8510,63761,58540,3,78,65463,35
-1,8512,45258,58755,9522,8352,63568,60546,3,78,65463,35
-1,8513,45276,58748,9553,8227,63805,58777,3,78,65463,35
-1,8514,45300,58709,9479,8377,63723,59357,3,78,65463,34
-1,8515,45237,58749,9516,8312,63774,58642,3,78,65463,34
-1,8516,45316,58747,9583,8448,63780,59280,3,78,65463,34
-1,8517,45274,58735,9501,8367,63875,58432,3,78,65463,34
-1,8518,45270,58752,9586,8591,63742,59233,3,78,65463,34
-1,8519,45300,58736,9529,8589,63785,58873,3,78,65463,34
-1,8520,45262,58739,9562,8580,63701,58286,3,78,65463,34
-1,8521,45320,58734,9565,8668,63741,59842,3,78,65463,34
-1,8522,45300,58730,9510,8304,63816,58995,3,78,65463,34
-1,8523,45238,58752,9498,8397,63803,58606,3,78,65463,34
-1,8524,45283,58767,9582,8136,63900,57985,3,78,65463,34
-1,8525,45320,58732,9590,8307,63917,58697,3,78,65463,34
-1,8526,45289,58738,9476,8558,63687,59399,3,78,65463,34
-1,8527,45265,58753,9495,8458,63763,59060,3,78,65463,34
-1,8528,45314,58740,9609,8459,63804,58817,3,78,65463,34
-1,8529,45283,58737,9523,8361,63876,58456,3,78,65463,34
-1,8530,45244,58750,9606,8430,63893,58572,3,78,65463,34
-1,8531,45290,58752,9517,8753,63443,60395,3,78,65463,34
-1,8532,45252,58751,9523,8238,63762,59104,3,78,65463,34
-1,8533,45303,58768,9575,8335,63815,58892,3,78,65463,36
-1,8534,45300,58742,9545,8341,63726,58837,3,78,65463,36
-1,8535,45240,58778,9488,8347,63785,58987,3,78,65463,36
-1,8536,45319,58748,9589,8630,63727,59302,3,78,65463,33
-1,8537,45282,58740,9548,8570,63697,59397,3,78,65463,33
-1,8538,45283,58736,9515,8542,63665,59119,3,78,65463,33
-1,8539,45265,58728,9515,8501,63683,58837,3,78,65463,33
-1,8540,45227,58761,9532,8423,63825,59183,3,78,65463,33
-1,8541,45319,58747,9585,8391,63920,58582,3,78,65463,33
-1,8542,45306,58717,9520,8506,63777,58922,3,78,65463,33
-1,8543,45235,58756,9512,8518,63654,58894,3,78,65463,33
-1,8544,45296,58762,9602,8592,63734,59026,3,78,65463,33
-1,8545,45303,58742,9529,8627,63669,58752,3,78,65463,33
-1,8546,45275,58745,9496,8469,63773,59824,3,78,65463,33
-1,8547,45248,58747,9557,8354,63667,59300,3,78,65463,33
-1,8548,45297,58765,9517,8345,63713,59098,3,78,65463,33
-1,8549,45289,58741,9503,8216,63709,58787,3,78,65463,35
-1,8550,45247,58739,9464,8296,63841,59001,3,78,65463,35
-1,8551,45288,58757,9558,8301,63770,59102,3,78,65463,35
-1,8552,45317,58751,9566,8217,63780,59568,3,78,65463,35
-1,8553,45276,58716,9510,8291,63746,59037,3,78,65463,35
-1,8554,45293,58735,9477,8229,63848,58907,3,78,65463,35
-1,8555,45251,58752,9540,8409,63718,58740,3,78,65463,35
-1,8556,45287,58767,9536,8280,63764,59174,3,78,65463,33
-1,8557,45287,58731,9510,8382,63642,59504,3,78,65463,33
-1,8558,45266,58748,9515,8434,63651,59688,3,78,65463,33
-1,8559,45294,58756,9585,8250,63824,59223,3,78,65463,34
-1,8560,45308,58747,9554,8250,63755,59541,3,78,65463,34
-1,8561,45288,58736,9492,8297,63836,59249,3,78,65463,34
-1,8562,45279,58750,9520,8438,63775,59102,3,78,65463,33
-1,8563,45282,58764,9561,8358,63733,58926,3,78,65463,33
-1,8564,45298,58749,9580,8467,63590,59689,3,78,65463,33
-1,8565,45317,58727,9585,8066,63886,58528,3,78,65463,34
-1,8566,45300,58739,9482,8398,63791,58740,3,78,65463,34
-1,8567,45289,58739,9545,8192,63953,58431,3,78,65463,34
-1,8568,45248,58752,9531,8501,63767,58782,3,78,65463,34
-1,8569,45266,58769,9536,8409,63738,59157,3,78,65463,34
-1,8570,45336,58734,9573,8428,63793,59391,3,78,65463,34
-1,8571,45296,58729,9470,8558,63710,59159,3,78,65463,34
-1,8572,45279,58748,9497,8384,63756,58679,3,78,65463,34
-1,8573,45296,58766,9595,8340,63819,58800,3,78,65463,34
-1,8574,45301,58740,9503,8450,63758,59160,3,78,65463,34
-1,8575,45255,58733,9480,8415,63690,59628,3,78,65463,34
-1,8576,45280,58754,9586,8180,63891,59215,3,78,65463,34
-1,8577,45335,58727,9553,8465,63749,58986,3,78,65463,34
-1,8578,45268,58738,9494,8309,63849,58248,3,78,65463,33
-1,8579,45255,58744,9553,8528,63778,59236,3,78,65463,33
-1,8580,45304,58738,9560,8584,63669,59189,3,78,65463,33
-1,8581,45307,58731,9526,8592,63736,58918,3,78,65463,33
-1,8582,45296,58759,9513,8575,63739,59010,3,78,65463,33
-1,8583,45308,58747,9587,8702,63624,58860,3,78,65463,33
-1,8584,45293,58731,9467,8566,63650,59478,3,78,65463,33
-1,8585,45253,58760,9522,8409,63754,59141,3,78,65463,33
-1,8586,45314,58736,9586,8380,63799,59350,3,78,65463,33
-1,8587,45323,58756,9620,8351,63709,58898,3,78,65463,33
-1,8588,45282,58727,9504,8284,63724,59147,3,78,65463,33
-1,8589,45269,58753,9505,8323,63807,58947,3,78,65463,33
-1,8590,45292,58745,9617,8529,63709,59253,3,78,65463,36
-1,8591,45303,58734,9505,8586,63741,59278,3,78,65463,36
-1,8592,45276,58744,9493,8580,63630,59676,3,78,65463,36
-1,8593,45252,58758,9509,8250,63808,58787,3,78,65463,36
-1,8594,45315,58744,9594,8124,63916,58629,3,78,65463,33
-1,8595,45298,58732,9535,8369,63734,59122,3,78,65463,33
-1,8596,45262,58740,9484,8374,63725,59476,3,78,65463,33
-1,8597,45267,58748,9535,8182,63911,58537,3,78,65463,33
-1,8598,45306,58761,9596,8507,63910,58609,3,78,65463,33
-1,8599,45277,58728,9445,8775,63544,59705,3,78,65463,33
-1,8600,45274,58758,9507,8065,63836,58800,3,78,65463,35
-1,8601,45289,58759,9576,8286,63847,59135,3,78,65463,35
-1,8602,45286,58737,9459,8236,63840,59206,3,78,65463,35
-1,8603,45255,58739,9535,8358,63710,58724,3,78,65463,34
-1,8604,45280,58747,9595,8540,63755,59128,3,78,65463,34
-1,8605,45292,58747,9613,8390,63715,58868,3,78,65463,34
-1,8606,45294,58742,9536,8503,63781,59125,3,78,65463,34
-1,8607,45241,58748,9487,8642,63662,59349,3,78,65463,34
-1,8608,45277,58746,9622,8197,63784,59263,3,78,65463,34
-1,8609,45294,58734,9535,8457,63451,61163,3,78,65463,34
-1,8610,45297,58755,9498,7955,64057,58251,3,78,65463,34
-1,8611,45236,58758,9503,8276,63889,59179,3,78,65463,34
-1,8612,45319,58748,9566,8233,63763,59127,3,78,65463,34
-1,8613,45309,58707,9510,8427,63825,59244,3,78,65463,34
-1,8614,45250,58742,9489,8378,63806,58609,3,78,65463,34
-1,8615,45271,58767,9561,8503,63705,59420,3,78,65463,34
-1,8616,45323,58751,9595,8246,63744,58548,3,78,65463,34
-1,8617,45312,58721,9504,8349,63819,59157,3,78,65463,34
-1,8618,45264,58769,9526,8417,63633,59858,3,78,65463,34
-1,8619,45329,58745,9601,8250,63874,58901,3,78,65463,35
-1,8620,45289,58741,9479,8315,63771,59129,3,78,65463,35
-1,8621,45233,58728,9537,8441,63821,59294,3,78,65463,35
-1,8622,45304,58759,9592,8389,63701,59323,3,78,65463,34
-1,8623,45316,58720,9564,8091,63824,59397,3,78,65463,34
-1,8624,45306,58743,9479,8109,63918,58705,3,78,65463,34
-1,8625,45280,58748,9566,8241,63873,59021,3,78,65463,34
-1,8626,45307,58746,9589,8361,63768,58848,3,78,65463,34
-1,8627,45324,58711,9505,8369,63735,58700,3,78,65463,34
-1,8628,45248,58778,9522,8525,63647,59622,3,78,65463,34
-1,8629,45328,58729,9594,8401,63774,58824,3,78,65463,35
-1,8630,45278,58713,9504,8478,63745,59367,3,78,65463,35
-1,8631,45239,58762,9528,8321,63683,59135,3,78,65463,35
-1,8632,45237,58738,9594,8505,63697,59334,3,78,65463,35
-1,8633,45279,58744,9560,8370,63803,58762,3,78,65463,35
-1,8634,45265,58739,9540,8569,63724,58901,3,78,65463,35
-1,8635,45320,58750,9624,8584,63698,59327,3,78,65463,35
-1,8636,45305,58739,9493,8356,63815,59111,3,78,65463,35
-1,8637,45259,58739,9533,8388,63737,58857,3,78,65463,35
-1,8638,45247,58778,9516,8535,63642,59483,3,78,65463,35
-1,8639,45292,58764,9563,8273,63784,59083,3,78,65463,35
-1,8640,45330,58737,9600,8282,63755,59046,3,78,65463,35
-1,8641,45313,58753,9505,8284,63866,59018,3,78,65463,35
-1,8642,45290,58730,9541,8162,63907,58503,3,78,65463,35
-1,8643,45278,58735,9514,8422,63604,59274,3,78,65463,35
-1,8644,45285,58755,9525,8158,63872,58818,3,78,65463,35
-1,8645,45328,58739,9573,8121,63940,58698,3,78,65463,35
-1,8646,45315,58728,9508,8303,63749,59101,3,78,65463,35
-1,8647,45258,58735,9526,8427,63546,60531,3,78,65463,35
-1,8648,45265,58748,9521,8300,63810,59141,3,78,65463,35
-1,8649,45308,58757,9600,8271,63741,59500,3,78,65463,35
-1,8650,45298,58727,9534,8073,64024,59115,3,78,65463,35
-1,8651,45272,58754,9481,8113,63945,59011,3,78,65463,35
-1,8652,45275,58773,9517,8357,63817,59089,3,78,65463,35
-1,8653,45319,58742,9618,8435,63698,58744,3,78,65463,35
-1,8654,45296,58719,9528,8531,63736,58675,3,78,65463,34
-1,8655,45275,58748,9491,8666,63574,60101,3,78,65463,34
-1,8656,45304,58728,9586,8178,63819,58672,3,78,65463,34
-1,8657,45320,58742,9508,8666,63407,61176,3,78,65463,33
-1,8658,45264,58745,9511,8298,63762,59511,3,78,65463,33
-1,8659,45283,58741,9524,8312,63763,58956,3,78,65463,33
-1,8660,45299,58766,9604,8473,63729,58806,3,78,65463,33
-1,8661,45296,58735,9510,8543,63735,58981,3,78,65463,33
-1,8662,45277,58755,9541,8475,63811,59099,3,78,65463,33
-1,8663,45330,58742,9567,8589,63558,59983,3,78,65463,34
-1,8664,45279,58736,9498,8334,63683,59533,3,78,65463,34
-1,8665,45248,58737,9537,8584,63597,58922,3,78,65463,34
-1,8666,45318,58749,9591,8533,63865,58500,3,78,65463,34
-1,8667,45315,58735,9490,8421,63901,58816,3,78,65463,34
-1,8668,45279,58749,9482,8467,63749,58548,3,78,65463,34
-1,8669,45242,58765,9516,8598,63697,58843,3,78,65463,34
-1,8670,45298,58750,9592,8503,63773,58871,3,78,65463,34
-1,8671,45288,58734,9501,8310,63791,58856,3,78,65463,34
-1,8672,45253,58733,9508,8424,63824,59007,3,78,65463,34
-1,8673,45290,58770,9531,8374,63917,58519,3,78,65463,34
-1,8674,45303,58741,9521,8565,63835,59167,3,78,65463,34
-1,8675,45275,58733,9500,8212,63913,58826,3,78,65463,34
-1,8676,45267,58764,9502,8380,63784,58951,3,78,65463,34
-1,8677,45302,58760,9574,8547,63712,59367,3,78,65463,34
-1,8678,45291,58751,9562,8322,63754,58949,3,78,65463,34
-1,8679,45294,58736,9476,8410,63753,59028,3,78,65463,34
-1,8680,45259,58733,9473,8572,63755,59261,3,78,65463,34
-1,8681,45304,58727,9629,8416,63771,58631,3,78,65463,34
-1,8682,45312,58725,9491,8459,63744,59270,3,78,65463,34
-1,8683,45261,58769,9503,8517,63773,59002,3,78,65463,34
-1,8684,45305,58751,9607,8376,63819,58706,3,78,65463,34
-1,8685,45326,58736,9587,8510,63748,58926,3,78,65463,34
-1,8686,45260,58735,9507,8593,63690,59365,3,78,65463,34
-1,8687,45272,58740,9579,8608,63633,59680,3,78,65463,34
-1,8688,45299,58747,9597,8564,63660,59162,3,78,65463,34
-1,8689,45244,58725,9472,8468,63745,58392,3,78,65463,34
-1,8690,45270,58765,9564,8510,63728,58954,3,78,65463,34
-1,8691,45311,58750,9571,8551,63791,58775,3,78,65463,34
-1,8692,45278,58723,9486,8160,63640,58942,3,78,65463,34
-1,8693,45266,58733,9526,8210,63918,58680,3,78,65463,34
-1,8694,45294,58757,9598,8123,63890,58850,3,78,65463,34
-1,8695,45287,58726,9510,8325,63863,58153,3,78,65463,34
-1,8696,45260,58761,9509,8279,63756,59655,3,78,65463,34
-1,8697,45259,58751,9480,8225,63907,59161,3,78,65463,34
-1,8698,45265,58795,9561,8500,63601,60443,3,78,65463,34
-1,8699,45300,58725,9564,8294,63688,59544,3,78,65463,34
-1,8700,45291,58734,9521,8489,63797,58851,3,78,65463,34
-1,8701,45263,58757,9519,8397,63908,58647,3,78,65463,34
-1,8702,45315,58761,9619,8681,63721,59247,3,78,65463,34
-1,8703,45301,58736,9513,8436,63904,58538,3,78,65463,34
-1,8704,45268,58738,9486,8559,63578,60257,3,78,65463,34
-1,8705,45263,58763,9579,8074,63963,58759,3,78,65463,35
-1,8706,45293,58745,9596,8068,64007,58343,3,78,65463,35
-1,8707,45275,58734,9469,8416,63853,58387,3,78,65463,35
-1,8708,45243,58754,9549,8623,63709,58902,3,78,65463,33
-1,8709,45326,58752,9584,8646,63714,59425,3,78,65463,33
-1,8710,45284,58734,9472,8452,63801,58479,3,78,65463,33
-1,8711,45238,58736,9533,8471,63817,58960,3,78,65463,34
-1,8712,45274,58727,9502,8484,63459,61090,3,78,65463,34
-1,8713,45258,58756,9548,8099,63907,58420,3,78,65463,34
-1,8714,45321,58732,9569,8629,63553,60134,3,78,65463,34
-1,8715,45256,58725,9511,8197,63857,59160,3,78,65463,34
-1,8716,45278,58758,9542,8324,63728,59263,3,78,65463,34
-1,8717,45318,58745,9549,8342,63870,58767,3,78,65463,34
-1,8718,45243,58747,9531,8304,63817,58630,3,78,65463,34
-1,8719,45339,58768,9591,8438,63829,58754,3,78,65463,34
-1,8720,45273,58737,9493,8490,63829,58231,3,78,65463,34
-1,8721,45256,58773,9544,8599,63715,59151,3,78,65463,34
-1,8722,45325,58722,9573,8460,63792,58592,3,78,65463,34
-1,8723,45312,58736,9492,8573,63539,60599,3,78,65463,34
-1,8724,45288,58771,9514,8223,63849,58462,3,78,65463,34
-1,8725,45289,58724,9517,8745,63664,59294,3,78,65463,34
-1,8726,45268,58713,9495,8486,63878,58735,3,78,65463,34
-1,8727,45304,58765,9531,8580,63728,59766,3,78,65463,34
-1,8728,45311,58724,9612,8396,63653,59026,3,78,65463,34
-1,8729,45311,58735,9574,8365,63840,58783,3,78,65463,34
-1,8730,45274,58722,9474,8408,63913,58477,3,78,65463,34
-1,8731,45228,58755,9514,8579,63643,59259,3,78,65463,34
-1,8732,45265,58737,9534,8254,63837,59395,3,78,65463,34
-1,8733,45290,58752,9574,8365,63728,59366,3,78,65463,34
-1,8734,45316,58769,9512,8343,63741,59237,3,78,65463,34
-1,8735,45313,58729,9546,8519,63622,59437,3,78,65463,34
-1,8736,45277,58742,9472,8293,63748,59193,3,78,65463,34
-1,8737,45284,58756,9519,8379,63715,59621,3,78,65463,34
-1,8738,45280,58719,9517,8414,63669,59160,3,78,65463,34
-1,8739,45240,58769,9532,8510,63588,59563,3,78,65463,34
-1,8740,45272,58757,9594,8213,63747,59218,3,78,65463,34
-1,8741,45293,58743,9545,8355,63743,58954,3,78,65463,34
-1,8742,45292,58719,9509,8228,63802,59191,3,78,65463,34
-1,8743,45232,58742,9488,8342,63854,58759,3,78,65463,34
-1,8744,45293,58742,9551,8542,63672,59689,3,78,65463,34
-1,8745,45294,58742,9552,8345,63689,59493,3,78,65463,34
-1,8746,45329,58742,9564,8377,63696,59370,3,78,65463,34
-1,8747,45251,58737,9473,8259,63784,59326,3,78,65463,34
-1,8748,45248,58755,9542,8237,63828,58945,3,78,65463,34
-1,8749,45272,58757,9579,8381,63678,59425,3,78,65463,34
-1,8750,45288,58735,9559,8227,63823,59288,3,78,65463,34
-1,8751,45282,58729,9473,8326,63830,59727,3,78,65463,34
-1,8752,45260,58758,9540,8071,63929,58962,3,78,65463,34
-1,8753,45309,58756,9604,8415,63766,59267,3,78,65463,34
-1,8754,45252,58739,9485,8366,63740,59469,3,78,65463,34
-1,8755,45267,58744,9467,8426,63732,59285,3,78,65463,34
-1,8756,45282,58730,9568,8339,63757,59131,3,78,65463,33
-1,8757,45311,58716,9507,8327,63765,58806,3,78,65463,33
-1,8758,45325,58722,9475,8606,63562,59523,3,78,65463,33
-1,8759,45245,58758,9522,8360,63677,59785,3,78,65463,34
-1,8760,45308,58751,9587,8304,63707,58952,3,78,65463,34
-1,8761,45274,58746,9502,8358,63755,58887,3,78,65463,34
-1,8762,45258,58733,9493,8398,63827,58667,3,78,65463,34
-1,8763,45291,58771,9647,8606,63820,59046,3,78,65463,34
-1,8764,45303,58744,9518,8731,63494,59309,3,78,65463,34
-1,8765,45304,58744,9612,8666,63631,58945,3,78,65463,34
-1,8766,45306,58731,9530,8524,63757,58865,3,78,65463,34
-1,8767,45250,58776,9524,8576,63657,59238,3,78,65463,34
-1,8768,45306,58746,9611,8570,63697,59095,3,78,65463,34
-1,8769,45301,58732,9523,8304,63769,59074,3,78,65463,34
-1,8770,45255,58771,9550,8470,63644,60086,3,78,65463,34
-1,8771,45295,58763,9597,8185,63880,58994,3,78,65463,35
-1,8772,45309,58757,9502,8386,63870,59116,3,78,65463,35
-1,8773,45268,58749,9513,8205,63832,59121,3,78,65463,35
-1,8774,45308,58746,9592,8398,63749,59274,3,78,65463,35
-1,8775,45296,58735,9510,8324,63762,58922,3,78,65463,35
-1,8776,45247,58758,9487,8377,63751,59600,3,78,65463,35
-1,8777,45307,58738,9577,8332,63685,59366,3,78,65463,35
-1,8778,45328,58739,9556,8385,63723,59569,3,78,65463,34
-1,8779,45289,58730,9501,8364,63816,58683,3,78,65463,34
-1,8780,45256,58751,9507,8516,63716,59063,3,78,65463,34
-1,8781,45290,58761,9559,8391,63685,59395,3,78,65463,34
-1,8782,45294,58761,9575,8272,63732,59150,3,78,65463,34
-1,8783,45245,58766,9489,8415,63755,59505,3,78,65463,34
-1,8784,45259,58753,9538,8192,63848,58971,3,78,65463,35
-1,8785,45297,58742,9594,8313,63783,59141,3,78,65463,35
-1,8786,45284,58722,9475,8238,63722,59175,3,78,65463,35
-1,8787,45258,58761,9507,8460,63715,59627,3,78,65463,35
-1,8788,45274,58733,9613,8327,63750,59214,3,78,65463,35
-1,8789,45306,58733,9505,8257,63836,58966,3,78,65463,35
-1,8790,45238,58765,9523,8314,63701,58889,3,78,65463,35
-1,8791,45315,58747,9547,8170,63808,58722,3,78,65463,34
-1,8792,45275,58735,9501,8280,63723,58818,3,78,65463,34
-1,8793,45261,58748,9547,8270,63744,59101,3,78,65463,34
-1,8794,45323,58748,9632,8199,63838,58544,3,78,65463,34
-1,8795,45297,58712,9502,8588,63495,60684,3,78,65463,34
-1,8796,45257,58754,9495,8171,63860,58910,3,78,65463,34
-1,8797,45303,58747,9588,8400,63762,58582,3,78,65463,34
-1,8798,45329,58732,9591,8555,63708,59312,3,78,65463,34
-1,8799,45292,58738,9509,8460,63789,58942,3,78,65463,34
-1,8800,45285,58716,9483,8495,63696,58759,3,78,65463,34
-1,8801,45264,58759,9494,8583,63636,59148,3,78,65463,34
-1,8802,45304,58754,9614,8183,63897,58357,3,78,65463,34
-1,8803,45274,58736,9541,8415,63801,58637,3,78,65463,34
-1,8804,45301,58730,9501,8427,63849,58698,3,78,65463,34
-1,8805,45267,58749,9516,8500,63687,58964,3,78,65463,34
-1,8806,45245,58769,9481,8378,63836,58889,3,78,65463,34
-1,8807,45266,58744,9546,8492,63772,59212,3,78,65463,34
-1,8808,45301,58763,9592,8450,63688,59078,3,78,65463,34
-1,8809,45279,58747,9505,8495,63777,58952,3,78,65463,34
-1,8810,45289,58731,9522,8657,63699,58784,3,78,65463,34
-1,8811,45268,58761,9496,8474,63798,58647,3,78,65463,34
-1,8812,45321,58737,9580,8436,63906,58757,3,78,65463,34
-1,8813,45304,58714,9505,8524,63660,60210,3,78,65463,34
-1,8814,45266,58747,9458,8160,63858,58739,3,78,65463,34
-1,8815,45328,58742,9537,8148,63815,59213,3,78,65463,34
-1,8816,45279,58751,9461,8509,63707,59338,3,78,65463,34
-1,8817,45256,58741,9517,8371,63735,59188,3,78,65463,34
-1,8818,45294,58762,9589,8324,63758,59197,3,78,65463,34
-1,8819,45291,58755,9481,8326,63826,59158,3,78,65463,34
-1,8820,45259,58739,9501,8613,63669,59197,3,78,65463,34
-1,8821,45299,58756,9570,8566,63718,58570,3,78,65463,34
-1,8822,45278,58733,9496,8648,63688,58804,3,78,65463,34
-1,8823,45267,58749,9525,8549,63744,58648,3,78,65463,34
-1,8824,45310,58755,9616,8649,63737,59202,3,78,65463,34
-1,8825,45281,58734,9484,8513,63609,59939,3,78,65463,35
-1,8826,45246,58737,9480,8243,63744,59068,3,78,65463,35
-1,8827,45287,58722,9561,8410,63825,58933,3,78,65463,35
-1,8828,45308,58720,9536,8458,63673,59174,3,78,65463,35
-1,8829,45258,58725,9501,8464,63759,59452,3,78,65463,33
-1,8830,45283,58776,9565,8448,63765,58947,3,78,65463,33
-1,8831,45314,58751,9569,8453,63550,59187,3,78,65463,33
-1,8832,45279,58748,9499,8365,63753,59224,3,78,65463,33
-1,8833,45278,58782,9533,8482,63803,58996,3,78,65463,33
-1,8834,45280,58742,9605,8538,63525,60152,3,78,65463,33
-1,8835,45280,58714,9512,8247,63878,59202,3,78,65463,33
-1,8836,45240,58730,9456,8426,63802,59146,3,78,65463,33
-1,8837,45300,58742,9583,8531,63802,58975,3,78,65463,33
-1,8838,45271,58739,9540,8506,63698,58821,3,78,65463,33
-1,8839,45256,58737,9512,8519,63711,58896,3,78,65463,33
-1,8840,45256,58765,9558,8540,63727,59303,3,78,65463,33
-1,8841,45288,58711,9492,8620,63700,59559,3,78,65463,34
-1,8842,45266,58772,9554,8582,63696,59080,3,78,65463,34
-1,8843,45315,58759,9619,8440,63719,59006,3,78,65463,34
-1,8844,45309,58733,9538,8511,63673,59358,3,78,65463,34
-1,8845,45288,58724,9462,8428,63746,58708,3,78,65463,34
-1,8846,45270,58754,9500,8422,63871,59315,3,78,65463,34
-1,8847,45325,58742,9600,8540,63696,58765,3,78,65463,34
-1,8848,45280,58737,9486,8370,63765,59650,3,78,65463,33
-1,8849,45250,58756,9527,8256,63783,59257,3,78,65463,33
-1,8850,45307,58746,9594,8371,63755,59417,3,78,65463,33
-1,8851,45308,58748,9590,8421,63710,59307,3,78,65463,33
-1,8852,45322,58740,9506,8343,63809,59300,3,78,65463,33
-1,8853,45276,58744,9485,8314,63618,59107,3,78,65463,33
-1,8854,45263,58762,9512,8348,63810,58845,3,78,65463,33
-1,8855,45267,58762,9524,8374,63864,59221,3,78,65463,33
-1,8856,45293,58707,9603,8559,63697,59000,3,78,65463,33
-1,8857,45300,58743,9547,8446,63826,59206,3,78,65463,33
-1,8858,45289,58744,9534,8397,63872,59084,3,78,65463,33
-1,8859,45297,58748,9470,8522,63834,58468,3,78,65463,33
-1,8860,45268,58744,9511,8459,63764,58717,3,78,65463,33
-1,8861,45263,58731,9522,8764,63444,60198,3,78,65463,33
-1,8862,45266,58756,9537,8174,63976,58652,3,78,65463,33
-1,8863,45294,58756,9563,8265,63902,59014,3,78,65463,33
-1,8864,45314,58748,9595,8463,63753,58921,3,78,65463,33
-1,8865,45311,58729,9563,8524,63826,58920,3,78,65463,33
-1,8866,45305,58739,9492,8494,63822,58718,3,78,65463,33
-1,8867,45272,58770,9524,8642,63622,59899,3,78,65463,35
-1,8868,45264,58753,9544,8394,63795,59308,3,78,65463,35
-1,8869,45317,58736,9608,8365,63811,59250,3,78,65463,35
-1,8870,45295,58744,9594,8404,63750,59414,3,78,65463,35
-1,8871,45291,58730,9559,8474,63766,59423,3,78,65463,35
-1,8872,45312,58733,9516,8465,63742,59083,3,78,65463,35
-1,8873,45271,58724,9468,8432,63759,58838,3,78,65463,35
-1,8874,45260,58763,9478,8525,63748,59151,3,78,65463,35
-1,8875,45269,58751,9535,8326,63849,58905,3,78,65463,35
-1,8876,45274,58755,9572,8437,63714,58975,3,78,65463,33
-1,8877,45284,58741,9592,8297,63770,59478,3,78,65463,33
-1,8878,45288,58765,9530,8529,63622,59200,3,78,65463,33
-1,8879,45307,58736,9503,8445,63603,59305,3,78,65463,33
-1,8880,45300,58745,9488,8497,63755,59136,3,78,65463,33
-1,8881,45248,58746,9500,8427,63726,58633,3,78,65463,33
-1,8882,45278,58740,9536,8732,63561,59464,3,78,65463,33
-1,8883,45304,58746,9572,8437,63751,59318,3,78,65463,33
-1,8884,45322,58766,9580,8447,63648,59113,3,78,65463,33
-1,8885,45299,58747,9512,8313,63910,58912,3,78,65463,33
-1,8886,45275,58728,9491,8460,63832,59370,3,78,65463,33
-1,8887,45300,58720,9487,8532,63777,58754,3,78,65463,33
-1,8888,45268,58728,9508,8447,63843,58411,3,78,65463,33
-1,8889,45272,58719,9482,8531,63788,59066,3,78,65463,33
-1,8890,45276,58731,9500,8614,63724,59582,3,78,65463,33
-1,8891,45289,58780,9476,8007,63920,59156,3,78,65463,33
-1,8892,45237,58748,9499,8375,63886,58752,3,78,65463,33
-1,8893,45253,58737,9549,8618,63672,59039,3,78,65463,33
-1,8894,45299,58747,9564,8549,63680,59028,3,78,65463,33
-1,8895,45314,58726,9512,8423,63786,59197,3,78,65463,34
-1,8896,45304,58738,9523,8480,63895,59130,3,78,65463,34
-1,8897,45271,58751,9517,8089,63805,58496,3,78,65463,34
-1,8898,45263,58757,9495,8328,63761,59171,3,78,65463,33
-1,8899,45293,58752,9566,8286,63883,58480,3,78,65463,33
-1,8900,45298,58743,9579,8411,63767,58789,3,78,65463,33
-1,8901,45295,58740,9588,8220,63669,59252,3,78,65463,33
-1,8902,45300,58759,9584,8348,63887,58148,3,78,65463,33
-1,8903,45310,58694,9529,8546,63727,59134,3,78,65463,33
-1,8904,45289,58747,9500,8616,63698,59031,3,78,65463,33
-1,8905,45254,58751,9496,8575,63644,59524,3,78,65463,33
-1,8906,45247,58737,9510,8280,63726,59606,3,78,65463,33
-1,8907,45258,58759,9543,8431,63806,59062,3,78,65463,33
-1,8908,45304,58758,9609,8471,63787,59128,3,78,65463,33
-1,8909,45303,58751,9607,8432,63822,59355,3,78,65463,33
-1,8910,45288,58750,9533,8417,63812,59180,3,78,65463,33
-1,8911,45286,58721,9481,8461,63649,59213,3,78,65463,33
-1,8912,45252,58736,9497,8493,63728,59098,3,78,65463,33
-1,8913,45259,58742,9489,8563,63618,59215,3,78,65463,33
-1,8914,45283,58753,9533,8456,63718,58986,3,78,65463,35
-1,8915,45285,58757,9586,8427,63705,58890,3,78,65463,35
-1,8916,45304,58726,9610,8554,63724,58974,3,78,65463,35
-1,8917,45313,58714,9550,8505,63605,59394,3,78,65463,35
-1,8918,45308,58737,9477,8428,63708,59190,3,78,65463,34
-1,8919,45270,58758,9518,8338,63735,59139,3,78,65463,34
-1,8920,45244,58743,9495,8410,63712,59059,3,78,65463,34
-1,8921,45254,58782,9580,8443,63717,59215,3,78,65463,34
-1,8922,45307,58723,9531,8337,63852,58941,3,78,65463,34
-1,8923,45280,58744,9523,8472,63695,59279,3,78,65463,34
-1,8924,45269,58747,9492,8486,63763,59562,3,78,65463,34
-1,8925,45260,58770,9494,8417,63817,59373,3,78,65463,34
-1,8926,45248,58772,9557,8397,63759,59034,3,78,65463,34
-1,8927,45325,58747,9581,8315,63778,58754,3,78,65463,34
-1,8928,45286,58727,9539,8359,63769,58839,3,78,65463,34
-1,8929,45279,58747,9497,8768,63414,61039,3,78,65463,34
-1,8930,45243,58775,9502,8268,63845,59054,3,78,65463,34
-1,8931,45291,58767,9544,8292,63796,59159,3,78,65463,34
-1,8932,45291,58744,9574,8293,63695,59349,3,78,65463,34
-1,8933,45340,58770,9596,8409,63759,59125,3,78,65463,34
-1,8934,45297,58739,9554,8367,63745,59230,3,78,65463,34
-1,8935,45311,58744,9481,8382,63868,59111,3,78,65463,34
-1,8936,45269,58759,9528,8387,63698,59223,3,78,65463,34
-1,8937,45275,58746,9493,8444,63753,59574,3,78,65463,34
-1,8938,45268,58759,9523,8389,63735,58958,3,78,65463,34
-1,8939,45277,58752,9578,8255,63755,58469,3,78,65463,34
-1,8940,45313,58732,9560,8416,63680,59108,3,78,65463,34
-1,8941,45293,58746,9528,8502,63745,59020,3,78,65463,34
-1,8942,45272,58729,9496,8492,63683,59588,3,78,65463,34
-1,8943,45256,58738,9518,8264,63835,58611,3,78,65463,35
-1,8944,45289,58767,9592,8472,63786,58545,3,78,65463,35
-1,8945,45325,58750,9589,8579,63779,58951,3,78,65463,35
-1,8946,45304,58717,9493,8682,63758,58933,3,78,65463,35
-1,8947,45244,58769,9481,8510,63597,60161,3,78,65463,35
-1,8948,45290,58748,9563,8199,63777,59088,3,78,65463,35
-1,8949,45277,58731,9528,8578,63349,61573,3,78,65463,35
-1,8950,45281,58738,9462,7970,64034,58044,3,78,65463,35
-1,8951,45240,58765,9493,8090,63961,59256,3,78,65463,35
-1,8952,45267,58787,9601,8152,64039,58489,3,78,65463,33
-1,8953,45324,58745,9579,8247,63873,59299,3,78,65463,33
-1,8954,45292,58722,9523,8239,63806,59031,3,78,65463,33
-1,8955,45280,58754,9486,8382,63820,58921,3,78,65463,33
-1,8956,45249,58775,9515,8238,63777,59583,3,78,65463,35
-1,8957,45295,58756,9547,8225,63771,58956,3,78,65463,35
-1,8958,45305,58759,9572,8249,63831,59338,3,78,65463,35
-1,8959,45285,58727,9515,8368,63902,59643,3,78,65463,35
-1,8960,45265,58725,9492,8255,63713,59365,3,78,65463,35
-1,8961,45261,58762,9513,8398,63747,59365,3,78,65463,35
-1,8962,45303,58768,9554,8335,63836,59133,3,78,65463,35
-1,8963,45310,58772,9627,8391,63757,58994,3,78,65463,35
-1,8964,45295,58714,9550,8240,63852,59056,3,78,65463,35
-1,8965,45285,58731,9492,8283,63881,59027,3,78,65463,34
-1,8966,45263,58754,9489,8333,63766,59552,3,78,65463,34
-1,8967,45244,58758,9503,8417,63903,59078,3,78,65463,34
-1,8968,45320,58768,9537,8446,63592,59646,3,78,65463,34
-1,8969,45302,58737,9600,8251,63746,59250,3,78,65463,34
-1,8970,45277,58739,9492,8381,63740,59149,3,78,65463,34
-1,8971,45266,58725,9478,8325,63703,59433,3,78,65463,34
-1,8972,45252,58782,9532,8202,63847,59177,3,78,65463,34
-1,8973,45298,58743,9605,8378,63767,58722,3,78,65463,34
-1,8974,45285,58733,9523,8419,63860,58823,3,78,65463,34
-1,8975,45245,58741,9505,8462,63913,58865,3,78,65463,34
-1,8976,45269,58761,9515,8636,63605,59702,3,78,65463,34
-1,8977,45276,58764,9544,8208,63828,59395,3,78,65463,34
-1,8978,45324,58744,9618,8269,63851,59002,3,78,65463,34
-1,8979,45282,58755,9507,8392,63589,60271,3,78,65463,34
-1,8980,45270,58767,9491,8176,63966,58897,3,78,65463,34
-1,8981,45238,58734,9505,8526,63716,58981,3,78,65463,34
-1,8982,45294,58768,9613,8411,63805,58749,3,78,65463,34
-1,8983,45311,58749,9570,8400,63771,58924,3,78,65463,34
-1,8984,45291,58732,9501,8401,63916,58650,3,78,65463,34
-1,8985,45234,58712,9493,8146,63867,59005,3,78,65463,34
-1,8986,45273,58775,9536,7894,64042,58170,3,78,65463,34
-1,8987,45282,58749,9581,8259,63928,58955,3,78,65463,34
-1,8988,45290,58755,9592,8227,63951,59155,3,78,65463,34
-1,8989,45281,58718,9494,8415,63820,59116,3,78,65463,34
-1,8990,45262,58720,9508,8481,63699,59563,3,78,65463,34
-1,8991,45266,58738,9485,8409,63760,59062,3,78,65463,34
-1,8992,45241,58770,9486,8476,63729,59131,3,78,65463,34
-1,8993,45279,58731,9591,8268,63739,59425,3,78,65463,34
-1,8994,45306,58746,9539,8415,63796,59530,3,78,65463,34
-1,8995,45316,58719,9532,8309,63803,58960,3,78,65463,34
-1,8996,45288,58719,9489,8398,63790,59401,3,78,65463,34
-1,8997,45274,58724,9487,8514,63735,58682,3,78,65463,34
-1,8998,45243,58748,9522,8496,63731,59374,3,78,65463,34
-1,8999,45253,58733,9513,8459,63676,59402,3,78,65463,34
-1,9000,45295,58751,9580,8416,63831,59137,3,78,65463,34
-1,9001,45305,58733,9491,8518,63856,59004,3,78,65463,34
-1,9002,45287,58736,9509,8480,63785,58738,3,78,65463,34
-1,9003,45256,58742,9487,8546,63780,58850,3,78,65463,34
-1,9004,45294,58768,9497,8535,63719,59400,3,78,65463,34
-1,9005,45258,58764,9532,8147,63841,58985,3,78,65463,34
-1,9006,45319,58750,9587,7981,63980,58693,3,78,65463,34
-1,9007,45288,58740,9555,8108,63836,58652,3,78,65463,34
-1,9008,45288,58740,9478,8509,63714,59403,3,78,65463,34
-1,9009,45282,58728,9503,8579,63739,58641,3,78,65463,34
-1,9010,45244,58762,9533,8464,63777,59207,3,78,65463,34
-1,9011,45293,58748,9569,8605,63645,58537,3,78,65463,34
-1,9012,45308,58746,9587,8455,63772,58232,3,78,65463,34
-1,9013,45331,58734,9529,8497,63860,59561,3,78,65463,34
-1,9014,45267,58715,9485,8467,63837,58394,3,78,65463,34
-1,9015,45236,58751,9526,8604,63577,59215,3,78,65463,34
-1,9016,45258,58751,9607,8707,63407,61000,3,78,65463,35
-1,9017,45304,58737,9581,8375,63799,58621,3,78,65463,35
-1,9018,45262,58764,9506,8320,63818,59206,3,78,65463,35
-1,9019,45254,58761,9503,8329,63812,59287,3,78,65463,34
-1,9020,45302,58746,9505,8340,63692,59591,3,78,65463,34
-1,9021,45281,58748,9597,8285,63729,59066,3,78,65463,34
-1,9022,45296,58754,9598,8313,63851,59260,3,78,65463,35
-1,9023,45300,58757,9575,8495,63730,59434,3,78,65463,35
-1,9024,45303,58751,9500,8486,63693,58963,3,78,65463,35
-1,9025,45296,58735,9510,8534,63720,59378,3,78,65463,35
-1,9026,45270,58748,9503,8317,63866,59382,3,78,65463,34
-1,9027,45275,58763,9487,8237,63760,59049,3,78,65463,34
-1,9028,45258,58744,9586,8229,63862,58934,3,78,65463,34
-1,9029,45314,58743,9531,8389,63803,59516,3,78,65463,34
-1,9030,45297,58726,9503,8305,63777,59342,3,78,65463,34
-1,9031,45298,58771,9489,8457,63732,58795,3,78,65463,34
-1,9032,45241,58740,9510,8503,63696,59128,3,78,65463,34
-1,9033,45248,58772,9506,8555,63546,59772,3,78,65463,34
-1,9034,45270,58761,9490,8320,63832,59161,3,78,65463,34
-1,9035,45268,58766,9544,8259,63800,59492,3,78,65463,34
-1,9036,45264,58730,9577,8261,63882,58881,3,78,65463,34
-1,9037,45298,58754,9579,8229,63806,59232,3,78,65463,34
-1,9038,45284,58733,9472,8580,63678,59073,3,78,65463,34
-1,9039,45268,58716,9521,8554,63612,59187,3,78,65463,34
-1,9040,45230,58749,9530,8393,63716,59393,3,78,65463,34
-1,9041,45275,58758,9578,8521,63680,59382,3,78,65463,34
-1,9042,45308,58742,9589,8414,63777,59388,3,78,65463,34
-1,9043,45295,58745,9607,8445,63725,58893,3,78,65463,34
-1,9044,45288,58754,9590,8552,63656,58915,3,78,65463,34
-1,9045,45283,58743,9486,8368,63870,58562,3,78,65463,34
-1,9046,45287,58752,9517,8586,63696,59487,3,78,65463,34
-1,9047,45259,58749,9472,8466,63779,58483,3,78,65463,34
-1,9048,45266,58783,9573,8272,63839,58691,3,78,65463,34
-1,9049,45292,58758,9549,8337,63750,59055,3,78,65463,34
-1,9050,45320,58742,9586,8322,63866,58995,3,78,65463,34
-1,9051,45297,58736,9573,8102,63806,59227,3,78,65463,34
-1,9052,45290,58721,9499,8520,63612,58921,3,78,65463,34
-1,9053,45266,58758,9458,8492,63699,59176,3,78,65463,34
-1,9054,45280,58748,9531,8373,63885,58972,3,78,65463,33
-1,9055,45268,58757,9578,8469,63742,58751,3,78,65463,33
-1,9056,45286,58729,9575,8579,63769,58167,3,78,65463,33
-1,9057,45315,58734,9528,8507,63697,59113,3,78,65463,33
-1,9058,45285,58740,9482,8545,63828,58703,3,78,65463,33
-1,9059,45272,58741,9507,8478,63784,58557,3,78,65463,33
-1,9060,45258,58760,9487,8473,63929,58893,3,78,65463,34
-1,9061,45268,58747,9518,8678,63604,59026,3,78,65463,34
-1,9062,45246,58772,9551,8697,63584,59072,3,78,65463,34
-1,9063,45261,58743,9578,8469,63737,58255,3,78,65463,34
-1,9064,45301,58760,9590,8437,63885,59079,3,78,65463,34
-1,9065,45327,58758,9636,8661,63744,59226,3,78,65463,34
-1,9066,45326,58742,9578,8347,63774,58008,3,78,65463,34
-1,9067,45308,58751,9567,8418,63822,58945,3,78,65463,34
-1,9068,45288,58742,9487,8661,63622,59843,3,78,65463,34
-1,9069,45255,58749,9501,8370,63705,59172,3,78,65463,34
-1,9070,45304,58747,9564,8251,63870,59334,3,78,65463,35
-1,9071,45301,58737,9617,8506,63751,58887,3,78,65463,35
-1,9072,45315,58731,9524,8299,63700,59766,3,78,65463,35
-1,9073,45328,58734,9471,8425,63854,58729,3,78,65463,35
-1,9074,45248,58752,9520,8473,63826,58596,3,78,65463,35
-1,9075,45278,58744,9546,8537,63765,59539,3,78,65463,35
-1,9076,45295,58754,9536,8390,63935,58442,3,78,65463,33
-1,9077,45310,58745,9562,8259,63711,59711,3,78,65463,33
-1,9078,45304,58727,9522,8594,63639,59870,3,78,65463,33
-1,9079,45267,58739,9466,8486,63439,61111,3,78,65463,33
-1,9080,45247,58746,9524,8101,63996,57966,3,78,65463,33
-1,9081,45307,58780,9571,8348,63807,58654,3,78,65463,33
-1,9082,45329,58738,9484,8467,63741,57950,3,78,65463,33
-1,9083,45251,58733,9457,8571,63633,59674,3,78,65463,33
-1,9084,45258,58746,9555,8130,63841,58311,3,78,65463,33
-1,9085,45292,58752,9560,8358,63839,58453,3,78,65463,33
-1,9086,45284,58745,9607,8537,63715,59261,3,78,65463,34
-1,9087,45262,58743,9550,8186,63855,59621,3,78,65463,34
-1,9088,45272,58716,9492,8165,63803,58717,3,78,65463,34
-1,9089,45260,58764,9498,8358,63818,58762,3,78,65463,34
-1,9090,45235,58733,9507,8373,63906,58591,3,78,65463,34
-1,9091,45237,58757,9534,8421,63868,59182,3,78,65463,34
-1,9092,45280,58762,9595,8476,63861,58890,3,78,65463,34
-1,9093,45305,58751,9548,8577,63599,59817,3,78,65463,34
-1,9094,45315,58746,9549,8231,63915,59046,3,78,65463,34
-1,9095,45295,58717,9507,8416,63800,58639,3,78,65463,34
-1,9096,45276,58770,9526,8547,63740,59479,3,78,65463,34
-1,9097,45274,58757,9534,8358,63776,58751,3,78,65463,34
-1,9098,45308,58729,9585,8538,63709,58893,3,78,65463,34
-1,9099,45318,58720,9491,8328,63934,59199,3,78,65463,34
-1,9100,45291,58766,9476,8520,63611,58783,3,78,65463,34
-1,9101,45257,58765,9504,8477,63722,58780,3,78,65463,34
-1,9102,45265,58750,9506,8564,63716,59415,3,78,65463,34
-1,9103,45311,58740,9576,8169,63766,59167,3,78,65463,34
-1,9104,45311,58738,9570,8340,63735,59003,3,78,65463,34
-1,9105,45278,58732,9545,8332,63809,59251,3,78,65463,34
-1,9106,45295,58731,9482,8277,63795,59604,3,78,65463,34
-1,9107,45257,58757,9511,8527,63640,59981,3,78,65463,34
-1,9108,45258,58745,9524,8369,63785,59378,3,78,65463,34
-1,9109,45306,58744,9550,8427,63775,59448,3,78,65463,34
-1,9110,45268,58744,9483,8426,63858,58561,3,78,65463,34
-1,9111,45261,58768,9508,8615,63706,59205,3,78,65463,34
-1,9112,45305,58759,9579,8515,63698,58845,3,78,65463,34
-1,9113,45300,58730,9499,8471,63772,59060,3,78,65463,34
-1,9114,45272,58731,9493,8556,63641,59831,3,78,65463,35
-1,9115,45251,58744,9541,8231,63860,58803,3,78,65463,35
-1,9116,45311,58767,9563,8484,63914,58669,3,78,65463,35
-1,9117,45313,58727,9552,8711,63625,59520,3,78,65463,35
-1,9118,45301,58731,9474,8023,63914,58512,3,78,65463,35
-1,9119,45297,58741,9548,8586,63678,58762,3,78,65463,35
-1,9120,45311,58765,9595,8634,63623,58995,3,78,65463,35
-1,9121,45282,58727,9516,8391,63827,58565,3,78,65463,34
-1,9122,45244,58756,9524,8537,63789,59017,3,78,65463,34
-1,9123,45311,58763,9571,8541,63710,58567,3,78,65463,34
-1,9124,45293,58733,9492,8497,63710,59048,3,78,65463,34
-1,9125,45282,58714,9505,8427,63683,59450,3,78,65463,34
-1,9126,45283,58764,9537,8474,63785,59306,3,78,65463,34
-1,9127,45282,58735,9578,8367,63793,58232,3,78,65463,34
-1,9128,45295,58762,9598,8557,63661,58670,3,78,65463,34
-1,9129,45309,58734,9467,8351,63795,59063,3,78,65463,34
-1,9130,45266,58768,9498,8353,63845,58932,3,78,65463,34
-1,9131,45246,58749,9516,8425,63726,58204,3,78,65463,34
-1,9132,45266,58740,9600,8539,63594,59910,3,78,65463,34
-1,9133,45287,58741,9519,8464,63767,58742,3,78,65463,34
-1,9134,45287,58746,9502,8371,63817,59127,3,78,65463,34
-1,9135,45237,58744,9593,8399,63843,58952,3,78,65463,34
-1,9136,45301,58768,9539,8540,63793,58970,3,78,65463,34
-1,9137,45308,58738,9479,8377,63653,60464,3,78,65463,36
-1,9138,45262,58761,9499,8202,63844,58807,3,78,65463,36
-1,9139,45252,58730,9496,8574,63617,59769,3,78,65463,36
-1,9140,45308,58760,9604,8124,63975,58832,3,78,65463,34
-1,9141,45309,58734,9519,8385,63854,59092,3,78,65463,34
-1,9142,45291,58738,9481,8511,63732,58308,3,78,65463,34
-1,9143,45245,58758,9543,8444,63853,58737,3,78,65463,34
-1,9144,45285,58746,9547,8524,63708,58670,3,78,65463,34
-1,9145,45304,58750,9601,8545,63782,58617,3,78,65463,34
-1,9146,45304,58743,9546,8527,63678,58915,3,78,65463,34
-1,9147,45296,58733,9469,8410,63828,58022,3,78,65463,34
-1,9148,45275,58735,9500,8155,63836,58152,3,78,65463,34
-1,9149,45273,58745,9523,8263,63875,58817,3,78,65463,34
-1,9150,45276,58749,9564,8431,63788,58563,3,78,65463,34
-1,9151,45288,58762,9592,8572,63728,59015,3,78,65463,34
-1,9152,45300,58752,9620,8359,63856,58997,3,78,65463,34
-1,9153,45291,58749,9572,8394,63776,58936,3,78,65463,34
-1,9154,45308,58756,9583,8624,63723,59144,3,78,65463,34
-1,9155,45268,58753,9498,8373,63918,58450,3,78,65463,34
-1,9156,45255,58745,9538,8512,63772,58913,3,78,65463,34
-1,9157,45281,58763,9592,8617,63727,59253,3,78,65463,34
-1,9158,45331,58732,9546,8330,63776,58367,3,78,65463,34
-1,9159,45252,58727,9485,8552,63695,59001,3,78,65463,34
-1,9160,45261,58747,9491,8589,63664,59243,3,78,65463,34
-1,9161,45298,58735,9586,8481,63752,59457,3,78,65463,34
-1,9162,45290,58737,9485,8580,63525,59968,3,78,65463,33
-1,9163,45268,58747,9530,8357,63725,59025,3,78,65463,33
-1,9164,45295,58758,9590,8565,63800,59530,3,78,65463,33
-1,9165,45292,58747,9574,8533,63669,58724,3,78,65463,33
-1,9166,45323,58713,9513,8611,63649,59147,3,78,65463,33
-1,9167,45281,58742,9476,8502,63842,58967,3,78,65463,33
-1,9168,45279,58741,9546,8384,63753,58985,3,78,65463,33
-1,9169,45316,58759,9601,8373,63863,59103,3,78,65463,33
-1,9170,45311,58748,9481,8443,63900,58378,3,78,65463,33
-1,9171,45288,58739,9468,8317,63900,60649,3,78,65463,33
-1,9172,45278,58750,9531,8373,63712,58617,3,78,65463,34
-1,9173,45291,58756,9544,8517,63754,59318,3,78,65463,34
-1,9174,45322,58763,9570,8578,63653,59195,3,78,65463,34
-1,9175,45295,58744,9500,8481,63604,60608,3,78,65463,34
-1,9176,45295,58741,9486,8373,63785,58976,3,78,65463,34
-1,9177,45256,58766,9507,8302,63802,58663,3,78,65463,34
-1,9178,45248,58752,9510,8589,63642,59034,3,78,65463,34
-1,9179,45300,58755,9602,8522,63776,58565,3,78,65463,34
-1,9180,45304,58736,9576,8640,63697,58730,3,78,65463,34
-1,9181,45316,58743,9577,8492,63688,59256,3,78,65463,34
-1,9182,45301,58752,9561,8399,63740,58710,3,78,65463,34
-1,9183,45275,58724,9521,8310,63684,58911,3,78,65463,34
-1,9184,45261,58742,9523,8492,63847,59316,3,78,65463,34
-1,9185,45251,58750,9555,8585,63646,59298,3,78,65463,34
-1,9186,45314,58757,9616,8570,63776,59282,3,78,65463,34
-1,9187,45320,58729,9523,8582,63646,58808,3,78,65463,34
-1,9188,45286,58745,9539,8484,63804,58592,3,78,65463,34
-1,9189,45312,58739,9578,8518,63815,59136,3,78,65463,34
-1,9190,45308,58733,9523,8545,63638,58735,3,78,65463,34
-1,9191,45261,58744,9469,8533,63610,59258,3,78,65463,34
-1,9192,45260,58738,9470,8425,63757,58628,3,78,65463,34
-1,9193,45269,58758,9519,8624,63547,60075,3,78,65463,34
-1,9194,45302,58735,9578,8222,63817,58097,3,78,65463,35
-1,9195,45288,58730,9510,8560,63690,59703,3,78,65463,35
-1,9196,45282,58724,9511,8240,63841,58913,3,78,65463,35
-1,9197,45264,58757,9528,8609,63567,59857,3,78,65463,34
-1,9198,45301,58760,9579,8325,63742,58828,3,78,65463,34
-1,9199,45290,58749,9595,8363,63814,58789,3,78,65463,34
-1,9200,45288,58743,9559,8618,63776,59110,3,78,65463,34
-1,9201,45303,58724,9500,8532,63723,58703,3,78,65463,34
-1,9202,45270,58752,9466,8580,63707,58746,3,78,65463,34
-1,9203,45246,58746,9522,8100,63767,59087,3,78,65463,34
-1,9204,45271,58757,9581,8333,63806,59359,3,78,65463,34
-1,9205,45314,58727,9591,8285,63850,58453,3,78,65463,34
-1,9206,45307,58703,9502,8438,63748,58669,3,78,65463,34
-1,9207,45302,58729,9502,8066,63865,58610,3,78,65463,34
-1,9208,45284,58744,9507,8473,63629,58839,3,78,65463,34
-1,9209,45246,58754,9505,8307,63706,59017,3,78,65463,34
-1,9210,45277,58734,9566,8486,63831,59163,3,78,65463,34
-1,9211,45280,58753,9572,8498,63801,58962,3,78,65463,34
-1,9212,45310,58737,9528,8568,63738,59031,3,78,65463,34
-1,9213,45305,58738,9502,8427,63684,59707,3,78,65463,34
-1,9214,45274,58749,9540,8369,63814,59105,3,78,65463,34
-1,9215,45260,58745,9505,8514,63518,60262,3,78,65463,34
-1,9216,45243,58754,9540,8201,63969,58143,3,78,65463,34
-1,9217,45256,58746,9493,8501,63835,58598,3,78,65463,34
-1,9218,45255,58755,9507,8490,63777,58248,3,78,65463,34
-1,9219,45274,58765,9549,8545,63787,58937,3,78,65463,34
-1,9220,45284,58750,9593,8756,63480,59832,3,78,65463,34
-1,9221,45310,58742,9587,8393,63716,58193,3,78,65463,34
-1,9222,45313,58759,9545,8642,63547,60342,3,78,65463,34
-1,9223,45271,58745,9564,8086,63930,58897,3,78,65463,34
-1,9224,45268,58747,9483,8167,63895,58486,3,78,65463,34
-1,9225,45256,58731,9478,8389,63862,58889,3,78,65463,34
-1,9226,45247,58745,9534,8691,63601,59583,3,78,65463,34
-1,9227,45249,58745,9524,8132,63829,58809,3,78,65463,34
-1,9228,45285,58759,9534,8361,63789,58957,3,78,65463,34
-1,9229,45284,58749,9626,8753,63446,60109,3,78,65463,33
-1,9230,45307,58752,9538,8119,63866,58922,3,78,65463,33
-1,9231,45299,58717,9474,8511,63702,59186,3,78,65463,33
-1,9232,45288,58742,9492,8587,63760,58701,3,78,65463,33
-1,9233,45267,58736,9486,8316,63959,58315,3,78,65463,33
-1,9234,45269,58745,9470,8276,63843,58552,3,78,65463,33
-1,9235,45230,58748,9512,8543,63614,60015,3,78,65463,34
-1,9236,45274,58752,9497,8263,63744,59372,3,78,65463,34
-1,9237,45269,58761,9569,8087,63997,59052,3,78,65463,34
-1,9238,45299,58765,9624,8377,63706,58828,3,78,65463,35
-1,9239,45288,58748,9522,8663,63295,61705,3,78,65463,35
-1,9240,45291,58731,9547,7984,64124,58105,3,78,65463,35
-1,9241,45312,58746,9524,7888,64086,58301,3,78,65463,35
-1,9242,45270,58771,9533,8551,63717,58697,3,78,65463,34
-1,9243,45303,58764,9566,8544,63673,58803,3,78,65463,34
-1,9244,45301,58717,9557,8403,63877,58958,3,78,65463,34
-1,9245,45284,58755,9534,8354,63662,60043,3,78,65463,34
-1,9246,45280,58724,9484,8207,63902,59079,3,78,65463,34
-1,9247,45260,58740,9520,8455,63816,59533,3,78,65463,34
-1,9248,45260,58728,9511,8345,63859,58235,3,78,65463,34
-1,9249,45285,58761,9580,8653,63608,59498,3,78,65463,34
-1,9250,45290,58765,9618,8061,63848,58680,3,78,65463,34
-1,9251,45315,58744,9595,8363,63831,58895,3,78,65463,34
-1,9252,45309,58752,9553,8268,63903,58735,3,78,65463,34
-1,9253,45294,58716,9508,8512,63765,58556,3,78,65463,34
-1,9254,45263,58748,9513,8618,63765,59212,3,78,65463,34
-1,9255,45249,58766,9555,8496,63841,58846,3,78,65463,34
-1,9256,45282,58765,9562,8508,63851,59154,3,78,65463,34
-1,9257,45326,58764,9592,8279,63793,58813,3,78,65463,34
-1,9258,45293,58753,9597,8317,63854,58427,3,78,65463,34
-1,9259,45266,58756,9576,8215,63825,58903,3,78,65463,34
-1,9260,45233,58774,9557,8313,63827,58726,3,78,65463,34
-1,9261,45268,58774,9523,8456,63738,58679,3,78,65463,34
-1,9262,45266,58761,9508,8580,63659,58970,3,78,65463,34
-1,9263,45300,58751,9578,8579,63759,58676,3,78,65463,34
-1,9264,45291,58746,9609,8733,63706,59477,3,78,65463,34
-1,9265,45332,58737,9562,8604,63735,58599,3,78,65463,34
-1,9266,45312,58731,9603,8099,63910,58288,3,78,65463,34
-1,9267,45326,58739,9576,8407,63765,58973,3,78,65463,35
-1,9268,45324,58726,9507,8524,63668,58906,3,78,65463,35
-1,9269,45294,58739,9520,8412,63743,59342,3,78,65463,35
-1,9270,45266,58751,9531,8350,63771,59105,3,78,65463,33
-1,9271,45258,58745,9547,8455,63708,59035,3,78,65463,33
-1,9272,45279,58747,9581,8450,63747,58850,3,78,65463,33
-1,9273,45288,58746,9587,8520,63706,59074,3,78,65463,35
-1,9274,45298,58760,9614,8508,63849,58507,3,78,65463,35
-1,9275,45306,58733,9564,8575,63608,59092,3,78,65463,35
-1,9276,45290,58749,9472,8520,63714,59112,3,78,65463,35
-1,9277,45248,58771,9514,8469,63785,59044,3,78,65463,35
-1,9278,45266,58743,9566,8507,63809,58527,3,78,65463,35
-1,9279,45303,58756,9606,8512,63883,58646,3,78,65463,35
-1,9280,45303,58747,9576,8788,63405,59454,3,78,65463,34
-1,9281,45319,58751,9589,8275,63915,59022,3,78,65463,34
-1,9282,45297,58743,9534,8490,63741,59175,3,78,65463,34
-1,9283,45304,58736,9545,8473,63719,59357,3,78,65463,34
-1,9284,45298,58738,9485,8626,63660,59549,3,78,65463,34
-1,9285,45295,58720,9491,8315,63675,58609,3,78,65463,34
-1,9286,45280,58736,9529,8317,63857,58362,3,78,65463,34
-1,9287,45247,58762,9501,8683,63657,59940,3,78,65463,34
-1,9288,45292,58728,9514,8424,63644,58947,3,78,65463,34
-1,9289,45282,58718,9505,8549,63663,59249,3,78,65463,35
-1,9290,45295,58730,9518,8525,63774,59023,3,78,65463,35
-1,9291,45270,58731,9507,8477,63636,59176,3,78,65463,35
-1,9292,45290,58734,9509,8434,63708,59292,3,78,65463,35
-1,9293,45320,58721,9534,8508,63699,58987,3,78,65463,35
-1,9294,45299,58762,9497,8515,63714,59067,3,78,65463,35
-1,9295,45283,58731,9542,8389,63715,59843,3,78,65463,35
-1,9296,45269,58748,9545,8237,63822,58907,3,78,65463,35
-1,9297,45282,58763,9629,8472,63542,60062,3,78,65463,35
-1,9298,45283,58761,9528,8400,63685,58876,3,78,65463,35
-1,9299,45315,58722,9502,8305,63780,58291,3,78,65463,35
-1,9300,45259,58728,9497,8417,63768,58605,3,78,65463,35
-1,9301,45256,58757,9530,8471,63817,58660,3,78,65463,35
-1,9302,45283,58724,9549,8462,63874,58312,3,78,65463,35
-1,9303,45296,58735,9605,8514,63774,58503,3,78,65463,35
-1,9304,45321,58743,9525,8587,63751,59039,3,78,65463,35
-1,9305,45282,58741,9500,8404,63796,59201,3,78,65463,35
-1,9306,45261,58768,9531,8347,63744,59198,3,78,65463,35
-1,9307,45245,58745,9513,8278,63726,59099,3,78,65463,35
-1,9308,45283,58754,9524,8297,63788,59234,3,78,65463,35
-1,9309,45285,58756,9607,8581,63711,59291,3,78,65463,35
-1,9310,45329,58765,9579,8629,63728,59048,3,78,65463,35
-1,9311,45298,58728,9532,8558,63611,59634,3,78,65463,35
-1,9312,45289,58722,9499,8417,63663,59559,3,78,65463,35
-1,9313,45306,58728,9515,8318,63781,59171,3,78,65463,35
-1,9314,45293,58758,9504,8399,63713,59381,3,78,65463,35
-1,9315,45275,58745,9476,8370,63762,59278,3,78,65463,35
-1,9316,45270,58728,9499,8448,63659,59151,3,78,65463,35
-1,9317,45273,58745,9539,8475,63784,59387,3,78,65463,35
-1,9318,45266,58756,9528,8459,63712,59030,3,78,65463,36
-1,9319,45293,58747,9585,8396,63816,58703,3,78,65463,36
-1,9320,45315,58744,9602,8531,63652,59277,3,78,65463,36
-1,9321,45315,58728,9567,8635,63675,59102,3,78,65463,33
-1,9322,45301,58740,9519,8148,63771,58958,3,78,65463,33
-1,9323,45298,58722,9527,8428,63695,59841,3,78,65463,33
-1,9324,45301,58728,9497,8249,63794,59290,3,78,65463,34
-1,9325,45287,58740,9516,8319,63766,59151,3,78,65463,34
-1,9326,45277,58746,9507,8566,63621,59471,3,78,65463,34
-1,9327,45267,58762,9544,8459,63663,59757,3,78,65463,34
-1,9328,45248,58763,9518,8377,63766,59078,3,78,65463,34
-1,9329,45289,58733,9556,8296,63706,59444,3,78,65463,34
-1,9330,45276,58769,9529,8228,63840,59456,3,78,65463,35
-1,9331,45306,58753,9637,8202,63800,58776,3,78,65463,35
-1,9332,45295,58732,9532,8326,63782,58855,3,78,65463,35
-1,9333,45295,58712,9458,8257,63783,58632,3,78,65463,35
-1,9334,45267,58745,9487,8322,63786,59541,3,78,65463,35
-1,9335,45262,58756,9497,8501,63687,58920,3,78,65463,35
-1,9336,45247,58743,9520,8497,63714,59143,3,78,65463,35
-1,9337,45296,58753,9585,8378,63720,59218,3,78,65463,35
-1,9338,45278,58745,9623,8422,63706,58828,3,78,65463,35
-1,9339,45310,58742,9589,8514,63813,59113,3,78,65463,35
-1,9340,45285,58742,9496,8729,63556,59667,3,78,65463,35
-1,9341,45244,58745,9508,8401,63892,59056,3,78,65463,35
-1,9342,45255,58770,9558,8432,63722,59167,3,78,65463,35
-1,9343,45311,58749,9555,8422,63725,58870,3,78,65463,35
-1,9344,45291,58726,9538,8460,63780,58790,3,78,65463,35
-1,9345,45259,58736,9500,8709,63625,58657,3,78,65463,35
-1,9346,45248,58739,9517,8386,63686,59328,3,78,65463,33
-1,9347,45261,58762,9534,8295,63909,58676,3,78,65463,33
-1,9348,45263,58768,9586,8359,63736,58852,3,78,65463,33
-1,9349,45293,58749,9572,8434,63753,58784,3,78,65463,33
-1,9350,45297,58724,9472,8532,63802,58801,3,78,65463,33
-1,9351,45256,58745,9534,8511,63667,59209,3,78,65463,33
-1,9352,45279,58748,9567,8495,63719,58460,3,78,65463,33
-1,9353,45334,58736,9575,8617,63621,59315,3,78,65463,35
-1,9354,45298,58741,9563,8533,63678,59340,3,78,65463,35
-1,9355,45278,58738,9510,8563,63640,59436,3,78,65463,35
-1,9356,45273,58731,9510,8411,63634,59501,3,78,65463,34
-1,9357,45270,58743,9478,8385,63680,59945,3,78,65463,34
-1,9358,45264,58737,9579,8370,63765,59553,3,78,65463,34
-1,9359,45299,58729,9575,8374,63728,58962,3,78,65463,34
-1,9360,45310,58736,9526,8456,63855,59082,3,78,65463,34
-1,9361,45275,58739,9478,8499,63717,59592,3,78,65463,34
-1,9362,45225,58734,9511,8360,63750,59022,3,78,65463,34
-1,9363,45313,58745,9599,8532,63727,59349,3,78,65463,34
-1,9364,45319,58743,9628,8540,63628,59113,3,78,65463,34
-1,9365,45286,58730,9497,8375,63716,59333,3,78,65463,34
-1,9366,45230,58747,9528,8253,63832,58832,3,78,65463,34
-1,9367,45305,58735,9604,8517,63765,59342,3,78,65463,34
-1,9368,45320,58730,9538,8359,63801,58966,3,78,65463,34
-1,9369,45304,58741,9488,8466,63745,59138,3,78,65463,34
-1,9370,45285,58782,9506,8590,63674,58758,3,78,65463,34
-1,9371,45274,58764,9572,8510,63680,58969,3,78,65463,34
-1,9372,45292,58737,9553,8616,63585,59158,3,78,65463,34
-1,9373,45299,58742,9488,8142,63814,59258,3,78,65463,34
-1,9374,45265,58749,9522,8528,63743,59974,3,78,65463,34
-1,9375,45320,58715,9482,8190,63934,59210,3,78,65463,34
-1,9376,45266,58740,9487,8245,63938,58564,3,78,65463,34
-1,9377,45268,58738,9528,8439,63757,59335,3,78,65463,34
-1,9378,45306,58737,9554,8333,63748,58966,3,78,65463,35
-1,9379,45274,58742,9475,8351,63800,59091,3,78,65463,35
-1,9380,45256,58753,9567,8486,63651,59728,3,78,65463,35
-1,9381,45284,58753,9512,8310,63657,59431,3,78,65463,35
-1,9382,45305,58723,9519,8272,63713,59608,3,78,65463,35
-1,9383,45236,58746,9545,8081,63925,59024,3,78,65463,35
-1,9384,45257,58756,9545,8257,63902,58907,3,78,65463,34
-1,9385,45275,58752,9601,8507,63505,59908,3,78,65463,34
-1,9386,45284,58747,9575,7962,63955,57953,3,78,65463,34
-1,9387,45316,58722,9561,8258,63820,58978,3,78,65463,34
-1,9388,45292,58729,9521,8193,63817,59153,3,78,65463,35
-1,9389,45279,58725,9499,8262,63820,58761,3,78,65463,35
-1,9390,45274,58757,9505,8401,63782,59004,3,78,65463,35
-1,9391,45234,58749,9536,8272,63782,58910,3,78,65463,35
-1,9392,45306,58748,9581,8355,63759,59097,3,78,65463,35
-1,9393,45289,58719,9534,8277,63646,59529,3,78,65463,35
-1,9394,45316,58708,9461,8382,63699,59385,3,78,65463,34
-1,9395,45288,58725,9492,8166,63841,58851,3,78,65463,34
-1,9396,45251,58755,9543,8276,63847,59088,3,78,65463,34
-1,9397,45278,58740,9510,8317,63773,59065,3,78,65463,34
-1,9398,45275,58770,9522,8489,63725,58806,3,78,65463,34
-1,9399,45315,58758,9552,8621,63661,59092,3,78,65463,34
-1,9400,45276,58745,9577,8569,63706,59129,3,78,65463,34
-1,9401,45304,58755,9519,8464,63793,58875,3,78,65463,34
-1,9402,45299,58750,9484,8619,63742,59622,3,78,65463,34
-1,9403,45284,58745,9485,8328,63819,58574,3,78,65463,34
-1,9404,45290,58733,9457,8383,63877,58928,3,78,65463,34
-1,9405,45267,58738,9527,8556,63661,58831,3,78,65463,34
-1,9406,45237,58761,9544,8574,63795,59039,3,78,65463,34
-1,9407,45261,58749,9519,8316,63822,58918,3,78,65463,34
-1,9408,45264,58762,9513,8502,63581,59535,3,78,65463,34
-1,9409,45245,58747,9558,8318,63818,58810,3,78,65463,34
-1,9410,45322,58758,9553,8583,63705,59096,3,78,65463,34
-1,9411,45300,58753,9601,8351,63679,59442,3,78,65463,34
-1,9412,45297,58716,9593,8156,63808,59111,3,78,65463,34
-1,9413,45304,58741,9538,8417,63849,59012,3,78,65463,35
-1,9414,45283,58721,9491,8151,63822,58940,3,78,65463,35
-1,9415,45268,58740,9513,8256,63825,59386,3,78,65463,35
-1,9416,45245,58744,9506,8349,63702,59085,3,78,65463,34
-1,9417,45268,58773,9580,8228,63869,59432,3,78,65463,34
-1,9418,45268,58751,9588,8341,63801,59518,3,78,65463,34
-1,9419,45297,58749,9608,8219,63826,59187,3,78,65463,34
-1,9420,45280,58729,9563,8357,63656,59238,3,78,65463,34
-1,9421,45285,58739,9490,8430,63651,59927,3,78,65463,34
-1,9422,45248,58738,9570,8183,63780,59263,3,78,65463,34
-1,9423,45276,58746,9573,8396,63732,59550,3,78,65463,34
-1,9424,45305,58740,9600,8417,63676,59338,3,78,65463,34
-1,9425,45314,58727,9578,8304,63710,59407,3,78,65463,34
-1,9426,45291,58758,9592,8383,63647,59355,3,78,65463,34
-1,9427,45279,58696,9518,8375,63720,59394,3,78,65463,34
-1,9428,45273,58754,9508,8187,63866,58897,3,78,65463,34
-1,9429,45284,58765,9506,8172,63882,59156,3,78,65463,35
-1,9430,45283,58756,9543,8303,63717,59297,3,78,65463,35
-1,9431,45304,58742,9571,8483,63734,59795,3,78,65463,35
-1,9432,45316,58736,9613,8226,63757,59322,3,78,65463,33
-1,9433,45308,58734,9556,8156,63855,58987,3,78,65463,33
-1,9434,45294,58714,9550,8224,63842,59299,3,78,65463,33
-1,9435,45273,58722,9509,8252,63743,59459,3,78,65463,33
-1,9436,45294,58714,9488,8288,63779,59488,3,78,65463,33
-1,9437,45272,58769,9494,8210,63864,58976,3,78,65463,33
-1,9438,45241,58751,9497,8225,63868,59387,3,78,65463,33
-1,9439,45304,58767,9578,8232,63759,59445,3,78,65463,33
-1,9440,45303,58742,9591,8385,63751,59665,3,78,65463,33
-1,9441,45302,58740,9551,8318,63713,59381,3,78,65463,33
-1,9442,45318,58733,9503,8287,63675,59400,3,78,65463,33
-1,9443,45273,58731,9482,8166,63853,59174,3,78,65463,33
-1,9444,45268,58772,9505,8143,63822,58692,3,78,65463,33
-1,9445,45293,58748,9597,8231,63876,59264,3,78,65463,33
-1,9446,45305,58759,9582,8311,63728,59385,3,78,65463,33
-1,9447,45282,58744,9562,8237,63794,59309,3,78,65463,33
-1,9448,45285,58722,9481,8338,63682,59758,3,78,65463,33
-1,9449,45277,58725,9503,8324,63702,59282,3,78,65463,33
-1,9450,45250,58771,9462,8405,63579,60446,3,78,65463,33
-1,9451,45251,58744,9479,8118,63934,58702,3,78,65463,34
-1,9452,45268,58750,9532,8155,63860,58976,3,78,65463,34
-1,9453,45302,58759,9592,8262,63689,59336,3,78,65463,34
-1,9454,45282,58756,9598,8371,63720,60059,3,78,65463,34
-1,9455,45304,58748,9473,8177,63825,59494,3,78,65463,34
-1,9456,45272,58729,9492,8234,63881,59087,3,78,65463,34
-1,9457,45256,58747,9493,8106,63822,59278,3,78,65463,34
-1,9458,45260,58755,9531,8153,63798,59125,3,78,65463,34
-1,9459,45276,58730,9567,8204,63868,59393,3,78,65463,34
-1,9460,45271,58757,9548,8303,63727,59485,3,78,65463,34
-1,9461,45293,58752,9579,8192,63841,59321,3,78,65463,34
-1,9462,45277,58762,9555,8273,63749,59341,3,78,65463,34
-1,9463,45307,58769,9581,8238,63747,59195,3,78,65463,34
-1,9464,45311,58748,9603,8371,63719,59922,3,78,65463,33
-1,9465,45309,58731,9548,8310,63763,59668,3,78,65463,33
-1,9466,45276,58739,9504,8330,63713,59559,3,78,65463,33
-1,9467,45302,58735,9487,8176,63763,59384,3,78,65463,33
-1,9468,45260,58752,9509,8192,63786,58905,3,78,65463,33
-1,9469,45287,58756,9522,8140,63766,59191,3,78,65463,33
-1,9470,45310,58744,9599,8256,63786,59635,3,78,65463,34
-1,9471,45319,58733,9528,8381,63773,59404,3,78,65463,34
-1,9472,45262,58736,9502,8235,63747,59147,3,78,65463,34
-1,9473,45268,58743,9574,8301,63704,58994,3,78,65463,34
-1,9474,45311,58754,9579,8217,63796,59403,3,78,65463,34
-1,9475,45269,58721,9492,8215,63806,58863,3,78,65463,34
-1,9476,45247,58767,9503,8361,63723,59026,3,78,65463,34
-1,9477,45284,58750,9574,8359,63773,58921,3,78,65463,34
-1,9478,45305,58730,9529,8216,63748,59170,3,78,65463,34
-1,9479,45279,58748,9488,8371,63682,59432,3,78,65463,34
-1,9480,45256,58739,9499,8250,63780,58342,3,78,65463,34
-1,9481,45289,58779,9583,8476,63790,59215,3,78,65463,34
-1,9482,45293,58720,9527,8412,63766,59140,3,78,65463,34
-1,9483,45257,58729,9489,8436,63740,58782,3,78,65463,34
-1,9484,45273,58765,9540,8507,63736,59088,3,78,65463,34
-1,9485,45319,58763,9593,8585,63773,59060,3,78,65463,34
-1,9486,45294,58719,9575,8441,63766,59425,3,78,65463,33
-1,9487,45288,58724,9512,8298,63731,59105,3,78,65463,33
-1,9488,45266,58754,9486,8369,63687,59261,3,78,65463,33
-1,9489,45285,58754,9609,8336,63819,59102,3,78,65463,33
-1,9490,45297,58738,9513,8259,63702,59271,3,78,65463,33
-1,9491,45274,58756,9501,8199,63921,59033,3,78,65463,33
-1,9492,45263,58717,9507,8366,63728,59186,3,78,65463,33
-1,9493,45248,58743,9552,8465,63635,59158,3,78,65463,33
-1,9494,45286,58746,9578,8337,63748,58846,3,78,65463,33
-1,9495,45303,58729,9574,8471,63747,59535,3,78,65463,33
-1,9496,45282,58717,9496,8564,63545,60046,3,78,65463,33
-1,9497,45266,58757,9497,8423,63643,59680,3,78,65463,33
-1,9498,45283,58754,9564,8337,63862,58583,3,78,65463,33
-1,9499,45316,58744,9557,8332,63645,60007,3,78,65463,35
-1,9500,45273,58742,9478,8268,63767,59013,3,78,65463,35
-1,9501,45250,58751,9512,8223,63725,59434,3,78,65463,35
-1,9502,45263,58743,9537,8414,63767,59369,3,78,65463,33
-1,9503,45292,58762,9587,8720,63324,61677,3,78,65463,33
-1,9504,45280,58728,9568,8118,63712,58979,3,78,65463,33
-1,9505,45271,58725,9515,8174,63841,58880,3,78,65463,33
-1,9506,45246,58741,9512,8244,63847,59382,3,78,65463,33
-1,9507,45250,58751,9556,8137,63890,59702,3,78,65463,33
-1,9508,45294,58757,9544,8330,63765,59022,3,78,65463,33
-1,9509,45263,58713,9492,8412,63751,59334,3,78,65463,33
-1,9510,45265,58741,9483,8360,63643,59335,3,78,65463,33
-1,9511,45253,58774,9532,8425,63615,60371,3,78,65463,33
-1,9512,45292,58732,9566,8147,63884,58652,3,78,65463,33
-1,9513,45295,58761,9622,8297,63782,59414,3,78,65463,33
-1,9514,45319,58741,9505,8190,63830,59338,3,78,65463,33
-1,9515,45269,58726,9503,8248,63935,58755,3,78,65463,33
-1,9516,45288,58763,9526,8518,63748,59250,3,78,65463,33
-1,9517,45298,58734,9594,8170,63888,59153,3,78,65463,33
-1,9518,45302,58728,9491,8289,63766,59739,3,78,65463,34
-1,9519,45268,58765,9504,8184,63938,58933,3,78,65463,34
-1,9520,45343,58757,9576,8476,63635,58907,3,78,65463,34
-1,9521,45309,58732,9513,8490,63739,59103,3,78,65463,33
-1,9522,45308,58739,9484,8372,63724,59417,3,78,65463,33
-1,9523,45246,58756,9550,8302,63803,58998,3,78,65463,33
-1,9524,45285,58761,9583,8432,63834,59144,3,78,65463,33
-1,9525,45306,58757,9566,8449,63705,58882,3,78,65463,33
-1,9526,45294,58743,9539,8325,63714,59459,3,78,65463,33
-1,9527,45265,58747,9482,8445,63657,59524,3,78,65463,34
-1,9528,45283,58766,9557,8183,63741,59017,3,78,65463,34
-1,9529,45303,58741,9585,8400,63706,59814,3,78,65463,34
-1,9530,45320,58735,9482,8405,63744,59318,3,78,65463,34
-1,9531,45252,58761,9498,8401,63792,58746,3,78,65463,34
-1,9532,45285,58760,9588,8474,63743,59262,3,78,65463,34
-1,9533,45323,58738,9575,8408,63692,59178,3,78,65463,34
-1,9534,45282,58738,9500,8313,63703,59496,3,78,65463,34
-1,9535,45242,58754,9550,8288,63819,59176,3,78,65463,34
-1,9536,45298,58764,9588,8372,63707,59398,3,78,65463,34
-1,9537,45275,58738,9518,8357,63712,58991,3,78,65463,34
-1,9538,45294,58748,9494,8339,63755,59726,3,78,65463,34
-1,9539,45268,58744,9563,8495,63750,59137,3,78,65463,34
-1,9540,45320,58745,9550,8502,63623,59761,3,78,65463,34
-1,9541,45279,58745,9494,8380,63747,59186,3,78,65463,34
-1,9542,45275,58756,9499,8353,63757,60001,3,78,65463,34
-1,9543,45264,58747,9590,8375,63756,59485,3,78,65463,34
-1,9544,45321,58723,9583,8535,63577,59840,3,78,65463,34
-1,9545,45315,58719,9476,8387,63765,59312,3,78,65463,34
-1,9546,45261,58746,9541,8437,63717,59357,3,78,65463,34
-1,9547,45290,58747,9584,8442,63833,59452,3,78,65463,34
-1,9548,45302,58724,9520,8440,63767,59128,3,78,65463,34
-1,9549,45287,58749,9520,8398,63651,59867,3,78,65463,34
-1,9550,45254,58740,9517,8243,63816,59153,3,78,65463,34
-1,9551,45296,58762,9598,8386,63711,59229,3,78,65463,34
-1,9552,45299,58724,9522,8315,63833,59543,3,78,65463,34
-1,9553,45276,58781,9497,8308,63690,59063,3,78,65463,34
-1,9554,45223,58737,9502,8497,63728,59552,3,78,65463,34
-1,9555,45300,58745,9592,8269,63732,59229,3,78,65463,34
-1,9556,45282,58721,9495,8276,63768,58872,3,78,65463,34
-1,9557,45274,58760,9493,8362,63671,59194,3,78,65463,34
-1,9558,45291,58742,9526,8276,63829,59291,3,78,65463,34
-1,9559,45297,58756,9599,8195,63838,58920,3,78,65463,34
-1,9560,45295,58740,9508,8123,63902,58628,3,78,65463,34
-1,9561,45266,58750,9497,8424,63750,59492,3,78,65463,34
-1,9562,45293,58758,9583,8305,63815,59335,3,78,65463,34
-1,9563,45318,58738,9549,8343,63641,59214,3,78,65463,34
-1,9564,45300,58728,9495,8259,63782,59397,3,78,65463,34
-1,9565,45248,58752,9519,8318,63795,59118,3,78,65463,34
-1,9566,45250,58753,9549,8474,63677,59742,3,78,65463,34
-1,9567,45305,58761,9567,8333,63794,59282,3,78,65463,34
-1,9568,45290,58743,9612,8371,63785,59297,3,78,65463,34
-1,9569,45299,58731,9540,8382,63708,59437,3,78,65463,35
-1,9570,45289,58729,9518,8313,63831,59053,3,78,65463,35
-1,9571,45302,58738,9529,8385,63721,59265,3,78,65463,35
-1,9572,45270,58744,9497,8243,63907,58910,3,78,65463,33
-1,9573,45294,58752,9606,8392,63810,58982,3,78,65463,33
-1,9574,45314,58718,9538,8605,63723,59376,3,78,65463,33
-1,9575,45268,58759,9500,8548,63769,58951,3,78,65463,35
-1,9576,45301,58752,9609,8384,63752,59538,3,78,65463,35
-1,9577,45274,58708,9518,8360,63844,59561,3,78,65463,35
-1,9578,45234,58763,9527,8315,63786,58935,3,78,65463,35
-1,9579,45271,58759,9594,8198,63944,59109,3,78,65463,35
-1,9580,45304,58738,9562,8481,63685,59472,3,78,65463,35
-1,9581,45276,58741,9512,8220,63827,59075,3,78,65463,34
-1,9582,45245,58752,9507,8410,63699,59276,3,78,65463,34
-1,9583,45284,58753,9625,8315,63758,58877,3,78,65463,34
-1,9584,45300,58754,9501,8354,63817,58956,3,78,65463,34
-1,9585,45278,58739,9505,8436,63735,59225,3,78,65463,34
-1,9586,45329,58746,9605,8337,63743,58857,3,78,65463,34
-1,9587,45291,58707,9501,8221,63754,58824,3,78,65463,34
-1,9588,45282,58747,9511,8559,63616,59687,3,78,65463,34
-1,9589,45274,58735,9458,8258,63726,58810,3,78,65463,34
-1,9590,45246,58739,9515,8367,63706,58936,3,78,65463,34
-1,9591,45295,58747,9550,8412,63901,58756,3,78,65463,34
-1,9592,45292,58744,9609,8428,63817,58941,3,78,65463,34
-1,9593,45308,58720,9510,8469,63798,58679,3,78,65463,34
-1,9594,45245,58754,9542,8382,63605,59786,3,78,65463,34
-1,9595,45252,58768,9507,8399,63737,58662,3,78,65463,34
-1,9596,45323,58733,9587,8195,63782,58816,3,78,65463,34
-1,9597,45292,58743,9542,8312,63839,59053,3,78,65463,34
-1,9598,45282,58723,9474,8365,63870,59589,3,78,65463,34
-1,9599,45264,58764,9547,8405,63702,59642,3,78,65463,34
-1,9600,45263,58739,9581,8254,63955,59077,3,78,65463,35
-1,9601,45300,58750,9636,8523,63744,58916,3,78,65463,35
-1,9602,45276,58733,9510,8705,63608,59607,3,78,65463,35
-1,9603,45285,58719,9488,8301,63732,58946,3,78,65463,35
-1,9604,45252,58772,9519,8447,63721,59344,3,78,65463,34
-1,9605,45292,58747,9562,8313,63873,58790,3,78,65463,34
-1,9606,45328,58743,9629,8304,63701,59760,3,78,65463,34
-1,9607,45282,58744,9505,8195,63858,58573,3,78,65463,34
-1,9608,45270,58722,9493,8222,63792,59105,3,78,65463,34
-1,9609,45269,58754,9520,8349,63722,59166,3,78,65463,34
-1,9610,45263,58757,9511,8411,63708,59073,3,78,65463,34
-1,9611,45302,58729,9581,8578,63667,59417,3,78,65463,34
-1,9612,45303,58728,9473,8707,63549,59317,3,78,65463,34
-1,9613,45245,58756,9517,8378,63817,58915,3,78,65463,35
-1,9614,45299,58758,9607,8450,63801,59619,3,78,65463,35
-1,9615,45286,58735,9504,8283,63811,59138,3,78,65463,35
-1,9616,45275,58714,9497,8406,63702,59100,3,78,65463,35
-1,9617,45245,58750,9492,8662,63557,59732,3,78,65463,35
-1,9618,45266,58754,9578,8151,63927,58468,3,78,65463,35
-1,9619,45287,58753,9602,8373,63787,59218,3,78,65463,33
-1,9620,45288,58740,9573,8544,63618,59582,3,78,65463,33
-1,9621,45292,58715,9539,8333,63770,59458,3,78,65463,33
-1,9622,45311,58731,9538,8330,63760,59375,3,78,65463,33
-1,9623,45251,58744,9512,8377,63696,59362,3,78,65463,35
-1,9624,45272,58737,9496,8398,63696,59662,3,78,65463,35
-1,9625,45257,58776,9508,8268,63808,58975,3,78,65463,35
-1,9626,45285,58757,9539,8332,63704,59397,3,78,65463,35
-1,9627,45294,58745,9572,8453,63700,59335,3,78,65463,35
-1,9628,45306,58711,9554,8306,63725,59643,3,78,65463,35
-1,9629,45268,58743,9487,8198,63808,59168,3,78,65463,35
-1,9630,45251,58716,9470,8212,63810,59532,3,78,65463,35
-1,9631,45263,58739,9495,8417,63786,59701,3,78,65463,35
-1,9632,45277,58747,9491,8145,63865,58878,3,78,65463,35
-1,9633,45279,58748,9562,8396,63782,59179,3,78,65463,35
-1,9634,45291,58744,9629,8415,63796,59196,3,78,65463,35
-1,9635,45317,58726,9543,8334,63866,58867,3,78,65463,35
-1,9636,45283,58729,9510,8430,63656,59731,3,78,65463,35
-1,9637,45278,58726,9471,8322,63728,59772,3,78,65463,35
-1,9638,45307,58725,9476,8264,63763,58955,3,78,65463,35
-1,9639,45264,58769,9536,8101,63874,59010,3,78,65463,35
-1,9640,45287,58769,9565,8261,63728,59416,3,78,65463,35
-1,9641,45307,58755,9576,8209,63910,58814,3,78,65463,35
-1,9642,45320,58731,9567,8148,63802,59488,3,78,65463,35
-1,9643,45314,58747,9528,8337,63780,58963,3,78,65463,35
-1,9644,45296,58748,9520,8488,63623,59207,3,78,65463,35
-1,9645,45248,58750,9514,8310,63719,59628,3,78,65463,35
-1,9646,45293,58750,9513,8360,63740,59652,3,78,65463,35
-1,9647,45293,58752,9556,8357,63835,58992,3,78,65463,35
-1,9648,45264,58740,9592,8263,63804,59208,3,78,65463,35
-1,9649,45323,58757,9589,8538,63505,60313,3,78,65463,35
-1,9650,45304,58731,9579,8142,63802,58782,3,78,65463,35
-1,9651,45293,58734,9589,8497,63658,58769,3,78,65463,36
-1,9652,45288,58724,9551,8351,63694,59574,3,78,65463,36
-1,9653,45290,58700,9543,8329,63718,58836,3,78,65463,36
-1,9654,45308,58753,9487,8310,63686,59313,3,78,65463,36
-1,9655,45244,58747,9497,8364,63761,59449,3,78,65463,36
-1,9656,45247,58757,9515,8270,63797,59077,3,78,65463,36
-1,9657,45258,58747,9560,8471,63772,59250,3,78,65463,36
-1,9658,45289,58761,9612,8431,63766,58925,3,78,65463,33
-1,9659,45308,58747,9581,8361,63764,58913,3,78,65463,33
-1,9660,45291,58717,9532,8312,63814,59017,3,78,65463,33
-1,9661,45282,58722,9548,8535,63632,59359,3,78,65463,35
-1,9662,45303,58734,9493,8305,63643,59676,3,78,65463,35
-1,9663,45305,58739,9493,8205,63865,58750,3,78,65463,35
-1,9664,45298,58732,9502,8602,63698,59369,3,78,65463,34
-1,9665,45248,58763,9496,8394,63714,58986,3,78,65463,34
-1,9666,45276,58730,9538,8523,63663,59614,3,78,65463,34
-1,9667,45293,58746,9599,8329,63814,58766,3,78,65463,34
-1,9668,45295,58743,9582,8489,63787,58688,3,78,65463,34
-1,9669,45302,58729,9500,8181,63744,59453,3,78,65463,34
-1,9670,45266,58746,9488,8273,63950,58996,3,78,65463,34
-1,9671,45246,58785,9489,8457,63675,59426,3,78,65463,34
-1,9672,45265,58751,9537,8217,63836,59181,3,78,65463,34
-1,9673,45275,58760,9504,8316,63747,59296,3,78,65463,34
-1,9674,45289,58766,9557,8373,63763,59079,3,78,65463,34
-1,9675,45315,58751,9561,8475,63666,59145,3,78,65463,34
-1,9676,45312,58739,9511,8466,63685,59393,3,78,65463,34
-1,9677,45290,58733,9477,8529,63695,59115,3,78,65463,34
-1,9678,45235,58754,9526,8411,63733,59106,3,78,65463,34
-1,9679,45271,58771,9516,8395,63749,59103,3,78,65463,34
-1,9680,45282,58740,9498,8310,63726,59054,3,78,65463,35
-1,9681,45287,58749,9553,8367,63791,59201,3,78,65463,35
-1,9682,45291,58733,9596,8356,63904,59005,3,78,65463,35
-1,9683,45320,58747,9539,8485,63740,58996,3,78,65463,33
-1,9684,45304,58740,9507,8450,63641,58987,3,78,65463,33
-1,9685,45276,58756,9502,8505,63638,58855,3,78,65463,33
-1,9686,45237,58751,9533,8514,63755,58971,3,78,65463,34
-1,9687,45248,58744,9492,8563,63702,59262,3,78,65463,34
-1,9688,45259,58756,9535,8473,63778,59622,3,78,65463,34
-1,9689,45299,58747,9572,8607,63676,59280,3,78,65463,34
-1,9690,45310,58741,9574,8408,63807,58898,3,78,65463,34
-1,9691,45313,58731,9578,8414,63665,59180,3,78,65463,34
-1,9692,45287,58748,9496,8637,63629,59304,3,78,65463,34
-1,9693,45276,58759,9517,8430,63664,59414,3,78,65463,34
-1,9694,45286,58756,9584,8252,63770,59035,3,78,65463,34
-1,9695,45318,58711,9520,8527,63650,59826,3,78,65463,34
-1,9696,45296,58751,9497,8371,63752,59108,3,78,65463,36
-1,9697,45240,58731,9487,8412,63779,59305,3,78,65463,36
-1,9698,45234,58771,9491,8311,63786,59084,3,78,65463,36
-1,9699,45289,58764,9572,8351,63733,59172,3,78,65463,34
-1,9700,45290,58741,9506,8311,63725,59502,3,78,65463,34
-1,9701,45272,58725,9512,8304,63782,59082,3,78,65463,34
-1,9702,45303,58724,9484,8343,63788,59099,3,78,65463,34
-1,9703,45252,58759,9546,8272,63796,59222,3,78,65463,34
-1,9704,45282,58763,9618,8229,63788,58992,3,78,65463,34
-1,9705,45271,58745,9574,8479,63726,59505,3,78,65463,34
-1,9706,45308,58732,9521,8339,63827,58941,3,78,65463,34
-1,9707,45271,58719,9486,8314,63751,58480,3,78,65463,34
-1,9708,45256,58745,9474,8538,63608,60136,3,78,65463,33
-1,9709,45282,58753,9546,8192,63892,58379,3,78,65463,33
-1,9710,45285,58754,9585,8476,63780,58682,3,78,65463,33
-1,9711,45304,58737,9578,8405,63757,58476,3,78,65463,33
-1,9712,45255,58753,9533,8197,63795,59104,3,78,65463,35
-1,9713,45311,58722,9519,8420,63757,59535,3,78,65463,35
-1,9714,45276,58710,9495,8471,63848,58565,3,78,65463,35
-1,9715,45298,58737,9502,8127,63750,58828,3,78,65463,35
-1,9716,45299,58737,9482,8277,63850,59013,3,78,65463,35
-1,9717,45263,58717,9491,8474,63747,58791,3,78,65463,35
-1,9718,45268,58743,9510,8467,63728,58767,3,78,65463,33
-1,9719,45281,58742,9528,8274,63892,58423,3,78,65463,33
-1,9720,45296,58751,9580,8485,63861,58781,3,78,65463,33
-1,9721,45316,58749,9575,8610,63690,59491,3,78,65463,33
-1,9722,45299,58720,9552,8329,63838,59156,3,78,65463,33
-1,9723,45313,58738,9519,8395,63819,59083,3,78,65463,33
-1,9724,45306,58732,9462,8441,63768,58684,3,78,65463,33
-1,9725,45239,58752,9516,8481,63798,58641,3,78,65463,33
-1,9726,45241,58736,9489,8410,63894,59178,3,78,65463,33
-1,9727,45288,58760,9586,8372,63906,59145,3,78,65463,35
-1,9728,45309,58756,9605,8473,63709,59274,3,78,65463,35
-1,9729,45293,58745,9532,8730,63432,60347,3,78,65463,35
-1,9730,45288,58746,9473,8196,63808,59079,3,78,65463,35
-1,9731,45266,58761,9479,8374,63763,58928,3,78,65463,34
-1,9732,45272,58751,9508,8539,63702,59165,3,78,65463,34
-1,9733,45304,58767,9589,8548,63709,59112,3,78,65463,34
-1,9734,45298,58731,9518,8318,63763,58759,3,78,65463,34
-1,9735,45286,58757,9493,8437,63860,58575,3,78,65463,34
-1,9736,45258,58745,9497,8586,63698,59642,3,78,65463,34
-1,9737,45264,58750,9563,8387,63842,58891,3,78,65463,35
-1,9738,45308,58744,9565,8387,63848,58695,3,78,65463,35
-1,9739,45283,58747,9539,8612,63795,59070,3,78,65463,35
-1,9740,45310,58747,9544,8471,63682,59313,3,78,65463,34
-1,9741,45283,58741,9553,8732,63534,60036,3,78,65463,34
-1,9742,45294,58714,9478,8339,63782,59400,3,78,65463,34
-1,9743,45258,58745,9485,8165,63852,58732,3,78,65463,34
-1,9744,45251,58775,9539,8376,63764,59457,3,78,65463,34
-1,9745,45253,58756,9513,8385,63861,59306,3,78,65463,34
-1,9746,45340,58760,9513,8534,63718,59054,3,78,65463,34
-1,9747,45282,58733,9492,8520,63715,59367,3,78,65463,34
-1,9748,45284,58736,9454,8313,63627,59197,3,78,65463,34
-1,9749,45290,58743,9475,8387,63726,59048,3,78,65463,34
-1,9750,45274,58742,9514,8240,63632,60160,3,78,65463,34
-1,9751,45260,58764,9513,8171,63866,58405,3,78,65463,34
-1,9752,45248,58751,9520,8206,63892,59214,3,78,65463,34
-1,9753,45282,58759,9588,8224,63787,58965,3,78,65463,34
-1,9754,45334,58753,9570,8292,63760,59119,3,78,65463,34
-1,9755,45297,58752,9575,8277,63861,59424,3,78,65463,34
-1,9756,45279,58738,9558,8380,63785,58481,3,78,65463,34
-1,9757,45320,58740,9590,8562,63617,59603,3,78,65463,34
-1,9758,45304,58749,9549,8138,63828,59015,3,78,65463,34
-1,9759,45310,58749,9575,8336,63805,59576,3,78,65463,34
-1,9760,45309,58728,9595,8129,63908,59489,3,78,65463,34
-1,9761,45303,58722,9496,8085,63827,59035,3,78,65463,34
-1,9762,45262,58732,9487,8215,63922,59279,3,78,65463,34
-1,9763,45281,58768,9558,8154,63920,59098,3,78,65463,34
-1,9764,45303,58760,9647,8262,63811,59469,3,78,65463,34
-1,9765,45306,58758,9570,8232,63768,58907,3,78,65463,34
-1,9766,45301,58729,9523,8314,63734,59014,3,78,65463,34
-1,9767,45283,58735,9526,8308,63775,59634,3,78,65463,34
-1,9768,45278,58731,9477,8193,63917,59240,3,78,65463,34
-1,9769,45264,58728,9467,8176,63884,59441,3,78,65463,34
-1,9770,45248,58748,9557,8277,63816,59168,3,78,65463,34
-1,9771,45284,58745,9597,8407,63628,59095,3,78,65463,34
-1,9772,45331,58764,9547,8292,63787,58812,3,78,65463,34
-1,9773,45296,58721,9515,8494,63784,58882,3,78,65463,34
-1,9774,45292,58746,9558,8520,63727,59040,3,78,65463,34
-1,9775,45301,58775,9598,8517,63648,59119,3,78,65463,34
-1,9776,45299,58748,9566,8419,63670,59251,3,78,65463,34
-1,9777,45318,58730,9525,8274,63813,58982,3,78,65463,34
-1,9778,45303,58734,9506,8431,63814,59028,3,78,65463,35
-1,9779,45269,58746,9488,8416,63804,58745,3,78,65463,35
-1,9780,45291,58734,9495,8547,63644,58840,3,78,65463,35
-1,9781,45301,58746,9482,8550,63678,59328,3,78,65463,35
-1,9782,45260,58734,9493,8589,63685,59562,3,78,65463,35
-1,9783,45254,58777,9540,8397,63633,59176,3,78,65463,35
-1,9784,45311,58733,9592,8202,63793,59084,3,78,65463,35
-1,9785,45314,58767,9574,8277,63842,58992,3,78,65463,35
-1,9786,45325,58747,9542,8310,63751,59170,3,78,65463,35
-1,9787,45306,58739,9578,8255,63890,58696,3,78,65463,35
-1,9788,45293,58751,9497,8609,63713,59272,3,78,65463,35
-1,9789,45294,58737,9479,8213,63802,59180,3,78,65463,35
-1,9790,45255,58751,9498,8321,63690,59325,3,78,65463,35
-1,9791,45243,58755,9514,8440,63779,58897,3,78,65463,34
-1,9792,45309,58753,9570,8323,63776,59384,3,78,65463,34
-1,9793,45322,58756,9602,8452,63675,59533,3,78,65463,34
-1,9794,45300,58736,9570,8183,63883,59552,3,78,65463,34
-1,9795,45298,58713,9476,8357,63864,59256,3,78,65463,34
-1,9796,45305,58736,9483,8127,63922,58815,3,78,65463,34
-1,9797,45290,58745,9487,8654,63478,60534,3,78,65463,34
-1,9798,45292,58730,9476,8268,63812,59181,3,78,65463,34
-1,9799,45260,58746,9488,8256,63755,59257,3,78,65463,34
-1,9800,45281,58747,9600,8139,63858,59074,3,78,65463,34
-1,9801,45298,58741,9520,8259,63717,59229,3,78,65463,34
-1,9802,45291,58729,9510,8282,63728,59428,3,78,65463,34
-1,9803,45299,58724,9500,8252,63719,59310,3,78,65463,34
-1,9804,45281,58745,9467,8240,63815,58882,3,78,65463,34
-1,9805,45275,58771,9528,8150,63942,58887,3,78,65463,34
-1,9806,45286,58746,9551,8376,63709,59131,3,78,65463,34
-1,9807,45294,58754,9586,8329,63737,59493,3,78,65463,35
-1,9808,45288,58755,9611,8316,63782,59235,3,78,65463,35
-1,9809,45322,58727,9559,8281,63826,58997,3,78,65463,35
-1,9810,45290,58743,9578,8466,63815,59580,3,78,65463,34
-1,9811,45318,58742,9590,8300,63746,58909,3,78,65463,34
-1,9812,45304,58725,9527,8389,63699,59789,3,78,65463,34
-1,9813,45297,58739,9500,8252,63873,58749,3,78,65463,34
-1,9814,45257,58739,9479,8260,63733,59079,3,78,65463,34
-1,9815,45235,58744,9515,8388,63758,59541,3,78,65463,34
-1,9816,45236,58748,9500,8263,63727,59587,3,78,65463,34
-1,9817,45252,58756,9504,8178,63820,58956,3,78,65463,34
-1,9818,45269,58764,9531,8176,63794,59463,3,78,65463,34
-1,9819,45292,58740,9503,8205,63833,58881,3,78,65463,34
-1,9820,45270,58738,9478,8240,63762,60007,3,78,65463,35
-1,9821,45240,58757,9523,8122,63901,58363,3,78,65463,35
-1,9822,45292,58749,9484,8378,63683,58928,3,78,65463,35
-1,9823,45296,58729,9464,8303,63751,59566,3,78,65463,34
-1,9824,45290,58711,9490,8156,63802,58973,3,78,65463,34
-1,9825,45306,58731,9487,8189,63855,59402,3,78,65463,34
-1,9826,45261,58742,9486,8311,63861,58779,3,78,65463,35
-1,9827,45250,58760,9595,8593,63539,60177,3,78,65463,35
-1,9828,45301,58752,9582,8198,63804,59436,3,78,65463,35
-1,9829,45300,58755,9571,8230,63876,58882,3,78,65463,35
-1,9830,45299,58736,9485,8066,63919,59306,3,78,65463,35
-1,9831,45291,58736,9527,8266,63816,59297,3,78,65463,35
-1,9832,45257,58745,9519,8429,63682,58785,3,78,65463,35
-1,9833,45240,58768,9506,8332,63764,59431,3,78,65463,35
-1,9834,45247,58747,9539,8178,63899,59188,3,78,65463,35
-1,9835,45295,58764,9562,8166,63887,59207,3,78,65463,35
-1,9836,45295,58754,9592,8136,63842,58517,3,78,65463,35
-1,9837,45296,58751,9569,8279,63813,59245,3,78,65463,35
-1,9838,45293,58752,9551,8546,63672,59813,3,78,65463,35
-1,9839,45326,58719,9507,8173,63813,59372,3,78,65463,35
-1,9840,45257,58758,9508,8435,63695,59078,3,78,65463,35
-1,9841,45263,58739,9504,8394,63713,59391,3,78,65463,35
-1,9842,45262,58764,9570,8383,63662,59439,3,78,65463,35
-1,9843,45275,58736,9585,8188,63768,58673,3,78,65463,35
-1,9844,45290,58728,9574,8306,63826,59290,3,78,65463,35
-1,9845,45309,58733,9496,8284,63715,58975,3,78,65463,35
-1,9846,45295,58739,9476,8364,63700,59426,3,78,65463,35
-1,9847,45271,58755,9506,8171,63842,58992,3,78,65463,35
-1,9848,45297,58767,9479,8312,63766,59137,3,78,65463,35
-1,9849,45298,58764,9611,8294,63754,59343,3,78,65463,35
-1,9850,45320,58731,9541,8331,63726,59390,3,78,65463,35
-1,9851,45316,58711,9506,8193,63765,58523,3,78,65463,35
-1,9852,45281,58732,9501,8316,63691,58801,3,78,65463,35
-1,9853,45253,58749,9540,8360,63750,59165,3,78,65463,35
-1,9854,45252,58762,9595,8211,63873,58883,3,78,65463,35
-1,9855,45306,58747,9615,8458,63804,59223,3,78,65463,35
-1,9856,45329,58735,9584,8364,63694,59458,3,78,65463,35
-1,9857,45302,58719,9483,8379,63749,58988,3,78,65463,35
-1,9858,45258,58737,9507,8632,63681,60379,3,78,65463,33
-1,9859,45269,58765,9532,8275,63892,59136,3,78,65463,33
-1,9860,45314,58723,9598,8249,63781,59340,3,78,65463,33
-1,9861,45290,58748,9513,8179,63851,59767,3,78,65463,33
-1,9862,45285,58727,9501,8288,63780,59543,3,78,65463,33
-1,9863,45280,58750,9510,8314,63719,59086,3,78,65463,33
-1,9864,45272,58735,9502,8082,63855,59417,3,78,65463,35
-1,9865,45252,58751,9521,8127,63805,59114,3,78,65463,35
-1,9866,45239,58764,9521,8278,63711,59497,3,78,65463,35
-1,9867,45236,58754,9570,8243,63785,59394,3,78,65463,34
-1,9868,45290,58727,9589,8093,63904,59297,3,78,65463,34
-1,9869,45309,58744,9607,8268,63772,59312,3,78,65463,34
-1,9870,45312,58746,9583,8175,63840,59143,3,78,65463,34
-1,9871,45295,58729,9567,8271,63747,59212,3,78,65463,34
-1,9872,45303,58722,9472,8334,63758,59149,3,78,65463,34
-1,9873,45285,58749,9520,8226,63782,58426,3,78,65463,34
-1,9874,45266,58769,9500,8160,63914,58849,3,78,65463,34
-1,9875,45310,58745,9612,8337,63767,58701,3,78,65463,34
-1,9876,45317,58724,9501,8452,63840,58725,3,78,65463,34
-1,9877,45306,58753,9496,8542,63713,59566,3,78,65463,34
-1,9878,45221,58733,9530,8167,63790,58975,3,78,65463,34
-1,9879,45253,58759,9593,8148,63841,58856,3,78,65463,34
-1,9880,45311,58750,9512,8119,63737,58511,3,78,65463,34
-1,9881,45245,58741,9512,8200,63868,59035,3,78,65463,34
-1,9882,45281,58750,9554,8356,63758,59305,3,78,65463,34
-1,9883,45308,58754,9607,8318,63837,59325,3,78,65463,34
-1,9884,45318,58711,9513,8336,63782,59295,3,78,65463,34
-1,9885,45289,58746,9510,8433,63757,59638,3,78,65463,34
-1,9886,45226,58738,9562,8226,63695,60171,3,78,65463,34
-1,9887,45314,58754,9582,8228,63859,58900,3,78,65463,34
-1,9888,45289,58725,9537,8310,63804,58931,3,78,65463,34
-1,9889,45306,58718,9553,8153,63868,58981,3,78,65463,34
-1,9890,45295,58749,9474,8312,63751,59435,3,78,65463,34
-1,9891,45291,58734,9503,8200,63788,59425,3,78,65463,34
-1,9892,45246,58771,9519,8199,63800,59157,3,78,65463,34
-1,9893,45300,58744,9620,8149,63871,59412,3,78,65463,34
-1,9894,45298,58739,9501,8224,63832,59089,3,78,65463,34
-1,9895,45281,58742,9517,8194,63843,58714,3,78,65463,34
-1,9896,45284,58759,9532,8334,63766,59017,3,78,65463,34
-1,9897,45256,58741,9548,8351,63733,59377,3,78,65463,34
-1,9898,45281,58738,9560,8344,63775,59492,3,78,65463,34
-1,9899,45316,58741,9559,8329,63827,59632,3,78,65463,34
-1,9900,45300,58750,9537,8189,63824,59131,3,78,65463,34
-1,9901,45272,58742,9544,8269,63766,59133,3,78,65463,34
-1,9902,45237,58746,9487,8231,63794,59031,3,78,65463,34
-1,9903,45253,58759,9581,8353,63731,59252,3,78,65463,34
-1,9904,45304,58733,9606,8268,63802,59047,3,78,65463,34
-1,9905,45280,58724,9513,8258,63740,59230,3,78,65463,34
-1,9906,45269,58742,9501,8255,63686,58809,3,78,65463,34
-1,9907,45317,58760,9595,8240,63824,58712,3,78,65463,34
-1,9908,45311,58725,9553,8397,63760,58991,3,78,65463,34
-1,9909,45308,58737,9490,8514,63653,58929,3,78,65463,34
-1,9910,45283,58725,9468,8425,63803,58959,3,78,65463,34
-1,9911,45237,58737,9499,8448,63743,58837,3,78,65463,34
-1,9912,45307,58742,9582,8428,63622,59275,3,78,65463,34
-1,9913,45288,58724,9557,8418,63718,59447,3,78,65463,34
-1,9914,45290,58746,9510,8266,63745,59218,3,78,65463,34
-1,9915,45291,58729,9491,8423,63607,59930,3,78,65463,34
-1,9916,45261,58753,9522,8121,63989,58218,3,78,65463,34
-1,9917,45259,58764,9564,8229,63738,58999,3,78,65463,34
-1,9918,45296,58765,9603,8507,63737,59023,3,78,65463,34
-1,9919,45306,58715,9530,8468,63712,58911,3,78,65463,34
-1,9920,45290,58746,9518,8378,63783,59114,3,78,65463,34
-1,9921,45280,58767,9547,8435,63708,58773,3,78,65463,34
-1,9922,45298,58759,9570,8596,63714,59385,3,78,65463,34
-1,9923,45299,58735,9513,8367,63830,58827,3,78,65463,34
-1,9924,45288,58742,9495,8384,63908,59025,3,78,65463,35
-1,9925,45229,58757,9518,8669,63683,58858,3,78,65463,35
-1,9926,45280,58746,9566,8432,63711,59174,3,78,65463,35
-1,9927,45282,58731,9577,8175,63944,58684,3,78,65463,35
-1,9928,45301,58744,9519,8432,63530,60263,3,78,65463,35
-1,9929,45288,58748,9479,8247,63875,59114,3,78,65463,35
-1,9930,45256,58757,9508,8428,63725,58572,3,78,65463,35
-1,9931,45283,58758,9559,8343,63751,58831,3,78,65463,35
-1,9932,45306,58736,9586,8491,63805,58950,3,78,65463,35
-1,9933,45287,58755,9516,8284,63724,59662,3,78,65463,35
-1,9934,45313,58753,9589,8245,63856,58908,3,78,65463,35
-1,9935,45297,58737,9507,8404,63703,58905,3,78,65463,35
-1,9936,45245,58743,9495,8318,63817,58377,3,78,65463,35
-1,9937,45285,58729,9527,8564,63659,59010,3,78,65463,35
-1,9938,45308,58736,9594,8551,63752,58619,3,78,65463,35
-1,9939,45299,58745,9501,8550,63766,58965,3,78,65463,35
-1,9940,45291,58749,9514,8573,63619,59852,3,78,65463,35
-1,9941,45260,58754,9520,8317,63776,59243,3,78,65463,35
-1,9942,45304,58732,9489,8533,63716,59090,3,78,65463,35
-1,9943,45257,58730,9502,8635,63651,59653,3,78,65463,35
-1,9944,45271,58759,9538,8211,63801,59264,3,78,65463,35
-1,9945,45286,58758,9591,8167,63882,58499,3,78,65463,35
-1,9946,45302,58747,9520,8333,63869,58673,3,78,65463,35
-1,9947,45258,58731,9518,8208,63868,58409,3,78,65463,34
-1,9948,45284,58731,9502,8551,63751,59245,3,78,65463,34
-1,9949,45251,58736,9538,8094,63806,59317,3,78,65463,34
-1,9950,45286,58771,9515,8416,63726,58990,3,78,65463,34
-1,9951,45271,58739,9601,8216,63873,59127,3,78,65463,34
-1,9952,45289,58759,9594,8582,63706,58942,3,78,65463,34
-1,9953,45299,58743,9585,8177,63793,59113,3,78,65463,34
-1,9954,45299,58738,9593,8148,63860,58636,3,78,65463,34
-1,9955,45306,58732,9495,8369,63882,59014,3,78,65463,34
-1,9956,45270,58743,9484,8566,63678,59165,3,78,65463,35
-1,9957,45273,58751,9525,8365,63730,58384,3,78,65463,35
-1,9958,45309,58737,9601,8464,63788,59197,3,78,65463,35
-1,9959,45306,58741,9499,8626,63687,59646,3,78,65463,34
-1,9960,45278,58736,9604,8504,63706,58915,3,78,65463,34
-1,9961,45313,58748,9523,8500,63674,58596,3,78,65463,34
-1,9962,45266,58748,9499,8561,63726,58908,3,78,65463,34
-1,9963,45253,58740,9535,8677,63399,61322,3,78,65463,34
-1,9964,45309,58742,9560,8332,63750,58508,3,78,65463,34
-1,9965,45326,58761,9644,8114,63976,57983,3,78,65463,34
-1,9966,45334,58737,9544,8240,63951,58670,3,78,65463,34
-1,9967,45266,58721,9505,8119,63923,58808,3,78,65463,34
-1,9968,45297,58750,9530,8299,63848,58689,3,78,65463,34
-1,9969,45312,58749,9557,8441,63670,59931,3,78,65463,34
-1,9970,45295,58733,9577,8544,63674,59773,3,78,65463,34
-1,9971,45310,58748,9526,8061,63950,58451,3,78,65463,34
-1,9972,45266,58728,9520,8306,63779,58567,3,78,65463,34
-1,9973,45260,58749,9590,8305,63707,58757,3,78,65463,34
-1,9974,45293,58746,9584,8442,63721,58977,3,78,65463,34
-1,9975,45320,58739,9564,8570,63845,58814,3,78,65463,34
-1,9976,45287,58742,9498,8469,63786,58729,3,78,65463,34
-1,9977,45278,58739,9455,8549,63678,59562,3,78,65463,34
-1,9978,45277,58766,9514,8505,63824,58936,3,78,65463,34
-1,9979,45282,58754,9587,8501,63838,59289,3,78,65463,34
-1,9980,45298,58738,9518,8301,63852,58220,3,78,65463,34
-1,9981,45285,58724,9480,8429,63770,58951,3,78,65463,34
-1,9982,45278,58745,9539,8655,63297,61626,3,78,65463,34
-1,9983,45303,58742,9591,7981,64005,57889,3,78,65463,34
-1,9984,45307,58732,9548,8374,63775,59334,3,78,65463,34
-1,9985,45338,58721,9496,8381,63777,58785,3,78,65463,34
-1,9986,45257,58735,9534,8421,63818,59195,3,78,65463,34
-1,9987,45311,58753,9608,8057,63940,58684,3,78,65463,34
-1,9988,45288,58749,9526,8275,63785,58705,3,78,65463,34
-1,9989,45268,58736,9505,8413,63888,58613,3,78,65463,34
-1,9990,45288,58738,9575,8484,63900,58714,3,78,65463,34
-1,9991,45308,58746,9582,8534,63755,59009,3,78,65463,34
-1,9992,45315,58732,9542,8271,63812,59262,3,78,65463,34
-1,9993,45257,58740,9496,8354,63772,59104,3,78,65463,34
-1,9994,45282,58756,9505,8546,63726,59565,3,78,65463,34
-1,9995,45309,58783,9616,8498,63652,58927,3,78,65463,34
-1,9996,45318,58735,9531,8497,63717,59370,3,78,65463,34
-1,9997,45267,58735,9521,8536,63790,59387,3,78,65463,35
-1,9998,45273,58761,9545,8477,63835,59005,3,78,65463,35
-1,9999,45293,58742,9594,8488,63698,58844,3,78,65463,35
-1,10000,45306,58728,9510,8539,63649,58857,3,78,65463,35
-1,10001,45269,58755,9487,8461,63889,58235,3,78,65463,35
-1,10002,45250,58746,9546,8206,63742,58676,3,78,65463,35
-1,10003,45285,58760,9592,8423,63754,59127,3,78,65463,35
